18.9240139079 19.416119364 0
4.3994497206 16.7419305841 0
11.7784113602 6.66720940351 1
9.14547240215 13.7199177263 1
19.0227016287 7.26922263253 0
5.90938965941 1.52321290618 0
10.0664529044 7.84146725758 1
13.9291582909 2.24384982446 0
6.007801598 9.07145898725 1
1.84189426028 19.6305919391 0
14.5294653717 12.8042224603 1
1.69596207138 6.76559376038 0
3.61895678421 0.671055792796 0
2.90847695988 7.21489726328 0
1.32062828047 1.75521113207 0
5.23074186901 6.19839678557 0
11.9702338532 15.5452221343 1
9.90984221045 0.986518545692 0
0.348799636572 7.92442832405 0
19.970816447 6.99796443132 0
5.12600294053 13.9739687018 0
6.77916229344 10.9970329278 1
7.74304537519 5.32023393402 1
1.23489346573 2.18744824911 0
2.99821632897 14.4043737105 0
17.6802989062 1.07343466332 0
1.37653197131 18.122698771 0
14.179469692 16.6014769235 0
15.7122642317 13.0652231154 0
1.39544189115 9.97844134605 0
7.46971872322 4.86429006778 1
1.96859281817 16.5806090379 0
9.7864907209 6.62143038312 1
15.5909634339 16.19911562 0
14.3765832891 4.98152849185 0
14.3970594944 18.5831966527 0
11.7867466691 3.10932416727 0
12.9264459006 5.7925608421 1
0.431948096283 13.9567669728 0
9.87008481085 17.2437979266 0
1.9304863788 9.04792374763 0
10.9892594079 7.99530341601 1
6.88306653287 3.02671840398 0
4.83410294747 18.0758988065 0
17.3445422798 7.18261572597 0
10.2861610402 16.0017184966 0
0.710483299576 8.38516266626 0
7.65711805287 5.36032809997 1
18.3794238911 0.929966682699 0
15.2415675721 2.07522034389 0
18.375664872 14.4177504402 0
10.3353422518 9.06790142908 1
10.3627281634 5.63703393243 1
7.95612795854 12.5155887963 1
5.5673951798 10.9364998742 1
16.3220832193 5.28978703242 0
0.547962333224 13.0912439544 0
15.6393348823 18.043429575 0
10.5352489341 13.3656959912 1
14.0713214304 10.4605314046 1
6.33123276814 18.5240206475 0
15.2915596489 0.40996230051 0
4.72176307052 16.4638461031 0
6.22079711641 8.61160021304 1
9.07093761744 13.0122581168 1
0.759524749398 7.58147324337 0
6.81973657597 1.28326562005 0
2.61340481071 1.3389828399 0
9.63828767319 9.5316250349 1
4.64156158049 4.42588173534 0
2.63245408095 14.4153283425 0
10.4864802434 0.192327155539 0
0.3686175541 19.8369651118 0
11.7153574261 1.57386640477 0
0.71606907434 17.3536304666 0
14.0874796764 12.0779962958 1
18.1671912998 16.9522213301 0
10.1487160309 15.9603781411 1
0.969602484161 1.23945374664 0
6.21316968077 6.23827458543 1
13.6210216054 14.9613506729 0
7.17302527257 5.5987900008 1
6.18590833303 17.4034346568 0
15.5498823739 12.4977786388 0
11.7714824687 18.0687983035 0
5.56992297584 7.15911470265 1
9.08015928457 1.38898631546 0
12.6010125127 11.5787189361 1
6.35009169848 19.3897941023 0
5.5095819556 12.6862720293 1
17.3333372028 17.0180760131 0
2.3123805419 16.5632263033 0
13.8942660589 12.103707428 1
13.3574692327 5.20624028054 1
4.3005111761 17.2254649969 0
2.96515050498 14.8159315228 0
17.0474112957 17.9494260863 0
17.4690239737 12.952800788 0
4.02773397275 16.2467306738 0
19.850544595 2.21895472795 0
6.20760841388 6.90092603748 1
5.69087969569 2.59250878953 0
17.8705532188 15.7886253758 0
3.58111825088 10.5256524916 0
12.5387466749 16.2043152456 0
1.33736379696 19.6460427794 0
5.03634503747 11.8579810651 1
15.5363209237 14.3424323826 0
18.7713304174 5.68135750287 0
2.28432083112 0.0044712270381 0
7.48739869647 19.5706971768 0
4.12857618978 9.40732775253 1
0.577499303223 13.1199721921 0
14.9313809984 3.35952541993 0
7.23573267712 16.6768284257 0
19.7047571287 15.9109309127 0
0.367716942842 13.8065131138 0
9.82866724148 5.91805305752 1
10.5750934964 4.37484285676 1
14.544890439 5.55857392713 0
9.75620297582 4.97950526004 1
4.8877938418 2.53073534892 0
5.38794477154 1.18971619413 0
6.14036388098 15.2999713615 0
18.317458401 19.3994277944 0
18.6837923078 4.12313781251 0
1.08310297958 17.0719862173 0
5.89889175147 9.17783100542 1
0.587989356812 18.1023526838 0
5.54588699193 2.80735951123 0
0.82035694253 9.92631017223 0
0.801728822101 15.2888653123 0
13.2946298596 6.08182062496 1
4.79261144817 12.4929550153 1
8.84432909747 4.72366544927 1
9.09330693714 16.9797813271 0
4.97317996907 19.8747505941 0
16.1459087283 0.200640134089 0
3.29956668106 2.60551625302 0
10.2520181948 0.880586779945 0
4.17894531533 19.9819194619 0
9.31525720168 0.0200798723703 0
13.9538798375 5.00225445898 0
17.6017874437 11.9554686767 0
17.2951608472 17.0778337215 0
0.760770568647 16.372383159 0
8.95837389062 19.8366280976 0
0.486166258969 5.30268842288 0
0.367019898439 9.65402298362 0
9.01494482586 1.68102161807 0
2.95786238266 9.03869308155 0
17.8334272624 17.1586007932 0
4.97992783029 18.4434216709 0
8.47267948885 6.66614877599 1
8.1432348383 1.53827761834 0
9.07446364375 2.88104701364 0
16.2479607314 8.27441465148 0
3.51938967838 12.2785410676 0
9.07839769696 17.8133154512 0
6.33666412071 5.55322598363 1
9.20744286064 1.77803820607 0
17.5410633673 13.2538947541 0
10.1421248448 11.1646234151 1
11.2617541871 8.99287248565 1
0.878589276551 19.6141698048 0
2.92456428657 8.54177598269 0
3.45604817858 2.10109061463 0
4.50513193931 4.54144010031 0
10.6160773461 2.09437218096 0
6.51339834942 19.9161050348 0
3.21465937458 17.0494371574 0
12.8227388125 9.30437110937 1
2.22429299133 1.04266399494 0
13.0382707489 13.5749199093 1
7.64834744669 19.5114434182 0
1.14279081106 9.96210704397 0
15.1839537365 3.42951884415 0
19.3731196953 13.4315235672 0
17.0714503868 7.00221825828 0
8.42528889939 2.98593628844 0
5.41428627443 11.197546652 1
3.58967878203 1.23683944387 0
13.5401764459 6.03214482045 1
4.67353276767 5.2543795281 0
0.465065182725 12.6025984264 0
12.3962977749 11.1642779747 1
12.2507208592 0.506181146434 0
10.0721844215 13.9813261407 1
0.304741350468 7.12739514566 0
11.9593120777 4.59139721441 1
2.60324841876 10.8499035229 0
16.020158417 13.7151666294 0
11.3907304301 13.1563045352 1
0.942977993886 7.27348410373 0
11.78708409 3.88630013969 0
7.69679385776 18.5027694399 0
4.6493567379 15.5748616203 0
18.6510900374 8.5140922058 0
0.806115595531 4.69122489605 0
6.64390408286 8.86001476798 1
19.9526616934 1.33856421901 0
4.00807620326 2.48223284944 0
6.14047789524 19.0130515361 0
18.7689146664 3.09994406873 0
9.70564953191 0.148460190584 0
13.1635952728 6.19372906699 1
2.19798532168 11.4949352823 0
6.21509853345 4.83319457706 0
1.31649400826 13.6242590438 0
4.22873198051 3.28140543984 0
12.9945383207 7.39856259009 1
4.94447126288 16.8845664273 0
6.41789790755 3.69432414148 0
18.1033401916 6.03837040131 0
3.0462048009 1.24341250963 0
8.68729466413 4.66251196467 1
4.71336339208 4.34796494902 0
4.37408782764 12.3693467891 0
7.64281745472 14.4921709495 1
14.4786361107 12.1696507896 1
7.23908099392 3.44059245567 0
1.40075352589 10.1899746139 0
16.9346368591 7.26308330665 0
2.93152379126 16.9076124864 0
16.470497966 2.57261875126 0
18.7198129515 15.0485401053 0
17.2250636505 14.5903279343 0
14.0786688231 17.2952915323 0
15.4136783483 7.48874589504 1
1.85350324403 17.9207726577 0
17.4541076905 3.68434255574 0
16.7908044779 3.9783427927 0
15.403861919 7.39581085766 1
12.4767424753 13.3006999262 1
8.80582198351 10.6543598919 1
5.97402991032 13.9621697542 1
15.2258040434 0.714425246748 0
16.8729630482 11.2562275421 0
4.94989077454 8.092607267 1
15.5363474767 10.0266305349 1
16.3010131704 12.2090590297 0
5.4373156059 16.7446530819 0
13.8748389471 14.0788109861 1
9.62856613078 12.8245979869 1
9.18798009239 5.6429278428 1
19.0076939997 1.86226353068 0
11.1171703737 12.0938284536 1
15.2308596321 10.6476364421 1
15.1744873811 11.9117331417 1
18.9924520766 11.9255983141 0
8.10199159847 15.1702079321 1
1.19976995299 10.9301776202 0
11.3255324044 6.10210606183 1
5.03473450236 8.37461621678 1
15.8392392739 19.9425458406 0
13.9714919809 3.00588798652 0
11.5157519483 4.87854109688 1
9.40065216232 3.39813406754 0
19.1894518289 14.6837691704 0
16.698082796 9.70518361673 0
13.9679526667 16.0342765715 0
8.93004893017 7.06791275561 1
19.2794432085 1.58661627813 0
1.85319559423 19.4041009079 0
5.88785347878 1.8258290702 0
8.67193742939 14.584576128 1
14.0919425622 17.0046394128 0
11.4058889266 10.7032670146 1
4.98296493906 14.6670562841 0
4.04367793538 18.5036109782 0
18.4554593506 4.54785190509 0
4.09592425808 11.3790314684 0
11.675408007 4.27716258446 1
19.1067123217 11.0841213012 0
14.5854692969 8.27496154195 1
7.37223246089 3.57704628298 0
9.69061994022 13.0169233727 1
7.42339036747 3.63601419619 0
1.90140464663 11.936736801 0
12.4130290912 19.4010984038 0
1.67230240401 13.4892154027 0
12.2861570626 7.48444907343 1
15.5824425544 6.09921121728 0
18.3564176704 0.836150855268 0
12.4424362492 5.83969987083 1
3.78980438262 7.45994368107 0
1.8288062019 6.27287145241 0
19.6068287791 7.60490819178 0
10.8886006973 19.0363117634 0
5.88918769138 14.7394631355 0
0.0693438982335 3.32978203184 0
17.1039770894 19.6608052986 0
4.10366863059 14.8981303725 0
6.67589755865 8.80617636481 1
7.40071779337 11.9308469474 1
17.4655120979 14.8775252255 0
0.010328268289 1.8771738369 0
12.3122682251 7.98527674823 1
11.1338793428 2.15970050384 0
16.7327794753 8.50341740921 0
4.04914949898 18.2232386899 0
12.8893384083 13.1142478225 1
10.7476319962 12.8052727131 1
17.8960445948 10.9195830295 0
0.680690918663 4.37621757479 0
16.7407753784 8.40724555165 0
8.46902060726 12.8556172093 1
6.27017432969 12.6066206558 1
12.6269973249 1.97740198184 0
3.6386968521 12.4794722248 0
11.1506467566 1.90187724442 0
6.91458313744 5.77214519888 1
1.86600241313 13.9720311024 0
8.79969430918 4.42736020046 1
6.73062146139 8.59428724914 1
3.42684787135 8.57495150241 0
19.6908118834 10.1419218604 0
11.9402329867 0.442135289598 0
3.07192647454 13.9800980624 0
14.7372027665 1.47080483509 0
1.43302800295 9.43751311347 0
16.5399907949 15.6819428677 0
17.7854948419 10.8447567116 0
5.07479873418 3.11539206263 0
7.51232769677 11.2519040789 1
5.13818259191 2.60868475556 0
4.62112783154 17.4261070464 0
8.08522604416 17.5058404303 0
1.98314343771 4.52564991983 0
14.1004973659 9.27758615063 1
10.4962771627 6.2632309949 1
1.14982037306 2.03422946146 0
0.378227759996 0.433975846414 0
5.68778280005 19.6867109381 0
10.7264226422 8.28788372226 1
11.1394262981 6.40019616857 1
12.6550593989 6.09433696751 1
12.2071327421 7.01541032306 1
7.80927432378 14.0098832237 1
0.0941680343854 0.839805095224 0
3.35744992174 10.2703294286 0
12.6764539605 9.25227954885 1
5.35851586709 4.36185518387 0
11.3999498319 3.45419212956 0
18.1457482139 10.7199456662 0
16.9710738127 10.8523005195 0
6.88172530191 14.1566755915 1
11.3538892807 4.66949893691 1
3.43395552784 1.45223224199 0
13.1373251275 0.208620435091 0
17.8620423673 1.30100607437 0
12.5655226074 4.18021045654 0
10.0323209667 16.9842247126 0
19.7908968066 18.5533841098 0
7.12866149859 0.727682548504 0
15.8293062449 14.4939292088 0
15.800800179 7.67685369991 0
14.7030541477 12.6940352032 1
12.587729649 8.2729176067 1
10.3985114954 10.0299440695 1
12.4130531553 11.1554107961 1
11.8864981273 9.97966838576 1
19.5744555982 14.1752143086 0
11.0521491561 19.2941506511 0
4.7516982064 15.9198651327 0
6.06079005818 5.7162159756 1
17.1175778644 5.82393487837 0
4.72283252369 12.7370107627 1
1.53384923815 17.9962851333 0
8.86196086741 15.8678362796 1
13.4304054139 8.62369831464 1
17.5008989844 6.07692518061 0
4.11991085676 8.12046886521 0
2.52110049227 2.1132160585 0
12.2023760024 9.62871829356 1
13.0626740156 0.88932657322 0
1.10732291971 18.6719044645 0
17.2684202354 7.69840730675 0
11.1062963163 5.83841177414 1
14.216944574 2.38637473422 0
10.1801497333 12.8425769048 1
18.8492699646 18.5801733316 0
4.47478298958 1.96885787056 0
10.6831745145 8.91719574115 1
8.03545963549 8.65169770401 1
15.7406863047 6.01932006708 0
10.2828285307 8.9678973045 1
16.8703963231 2.69283106261 0
14.4157759443 5.2744442472 0
19.1559725605 7.4151589416 0
8.2433712405 17.5860819056 0
13.626859224 18.3417263637 0
0.718042822519 10.9573880478 0
19.2108210041 10.9080641238 0
19.9546954247 18.4888373025 0
9.70716660068 19.0872742153 0
7.85812617523 9.6161931203 1
0.255747661907 17.3388715755 0
8.93021959263 0.892794231722 0
10.4984350264 4.10197790502 1
1.77726479625 16.732577737 0
0.68117249383 14.270523011 0
12.263721615 9.99342217277 1
11.0755984143 14.0115096154 1
10.1411882399 3.00858883753 0
1.36531779908 1.30647279772 0
14.5074273918 12.3885937881 1
1.67011951649 4.45206853247 0
19.9122010218 11.0490198489 0
4.7427843527 6.28688460015 0
7.27921552774 15.3406887875 1
13.0269691018 15.3956231181 0
1.41320233959 16.8501486205 0
5.57461773414 5.12073339469 0
0.290710388256 11.5074780404 0
9.52564953641 4.12887597422 1
0.742187353696 8.10529068209 0
17.0012908488 9.25914942394 0
13.4963275094 18.4744924073 0
9.34411584865 8.04731661028 1
13.8382346192 16.3101011943 0
5.47496074394 9.08667661899 1
15.7588714956 8.89304845769 1
9.82489663183 11.9992627204 1
12.8281658907 3.93589484757 0
3.36745052071 16.2936388958 0
6.59090357965 3.43923385457 0
9.49490239499 8.41525882528 1
18.079738508 6.19207013973 0
13.004917415 7.07256817891 1
14.1639167008 1.30753612429 0
11.1701767923 18.809953085 0
2.05600998208 13.3689149287 0
11.2920616323 16.1339841386 0
0.125060224294 6.01920919348 0
7.82646327677 3.47908164378 0
5.61416223783 1.19899553774 0
10.1338438348 4.88067027659 1
2.14831345177 7.47645207234 0
10.3885300939 5.72422872936 1
13.1068270176 18.6942038422 0
12.4384689841 13.2441581986 1
11.1806251601 17.4740668415 0
6.21029591091 11.5478125128 1
6.70394602356 14.7895096307 1
19.2381352363 5.77641065081 0
2.79133892528 11.1691737703 0
13.6392673988 15.7084816584 0
5.01850110278 8.0672994287 1
2.63969152293 11.6826136982 0
19.0239406485 0.204571793538 0
18.1649057195 18.8194895642 0
3.79083030737 5.56657202986 0
5.95556467499 9.17532291616 1
17.3083009665 4.34158121815 0
2.63982096836 5.01911313905 0
15.3485810152 13.0511407936 0
8.71801968744 6.59504756041 1
9.22714741618 5.13129851756 1
13.9112010719 1.96255241198 0
15.3362398411 4.17077227905 0
16.3841937945 4.62277305502 0
11.2734002859 6.08326939333 1
1.10864144451 19.8643724359 0
18.9826236386 0.692609653104 0
7.28288639418 16.0008386411 0
7.8796296554 4.06108951919 0
18.9897326029 12.4662791874 0
2.12166446707 16.2143364424 0
1.94429917953 0.179034558216 0
5.39783801427 6.3972091913 1
12.1211197701 13.3978586988 1
5.33781052485 15.4731434386 0
8.92193576518 12.2772811814 1
2.5964274624 18.4481338439 0
15.5249611944 5.5031115438 0
3.95601221984 5.3084630875 0
19.0342338898 17.3926084757 0
0.408614175986 2.0904257832 0
3.8122452466 12.5998802561 0
17.5348665554 11.960595292 0
4.87533906042 1.40424392317 0
8.69267592092 18.3311527008 0
0.514188192502 0.253016600285 0
7.53580233804 14.7996111487 1
11.3094766558 16.9911178824 0
7.61082161259 12.5129397449 1
15.7374702459 13.0310984208 0
12.2891898902 17.6473112224 0
18.0114271808 14.7582128984 0
10.1712508146 15.6922413106 1
2.20190018524 17.8964776092 0
8.21086542173 18.5639766211 0
11.3931683923 15.6024350406 1
17.0202702059 16.8848661091 0
17.7263367313 10.8890316965 0
4.52485956695 15.5293045221 0
17.1764231909 1.7049495762 0
1.11054158719 11.8101175291 0
8.53387532205 5.01819410949 1
11.2524248053 13.1360561015 1
3.51249973507 8.8802141973 0
18.9164776262 3.33240405285 0
6.21050122039 7.9640622434 1
3.98743835201 2.39309894353 0
5.73470465673 0.994299395867 0
8.70963412788 0.647365265063 0
16.7951926841 9.51078514678 0
8.20753732415 12.9695110229 1
11.6708659556 11.8121990338 1
16.0482669958 15.3929475583 0
0.280981695788 8.77906703283 0
2.14929032966 5.09394108035 0
17.3816838122 16.705278455 0
14.5817400874 5.9110765609 0
19.5334882304 9.52564695457 0
1.76587792794 16.7976594572 0
1.03741347657 3.78960898026 0
3.18204346398 13.5553868148 0
19.9203403349 19.4027125613 0
11.8952261207 2.92923558234 0
18.6241511937 1.99756434037 0
17.8495189582 11.8538058155 0
15.6582562839 6.01619234358 0
8.96561771153 18.6689266781 0
12.1427392136 3.73829140381 0
8.68772869104 15.0591699609 1
0.035434616126 9.6375098924 0
6.93681186002 7.13849614939 1
6.34748635044 2.27693505902 0
16.0697110123 19.0198971996 0
0.512086183102 3.77660856735 0
8.94470366502 14.1969572879 1
18.1420798354 18.6299846177 0
14.6541799038 6.20735291133 0
0.848776687852 8.32701377348 0
7.15592141787 12.0268450555 1
10.3945004222 5.34962652012 1
14.7299093594 1.57816612714 0
19.8686863956 9.98394461969 0
11.7628723975 3.45020193735 0
13.016291145 4.50956353013 0
14.9860895539 3.4095601659 0
17.0791730894 18.2673695259 0
7.70384704667 4.29793642777 0
16.93736437 3.55698657717 0
13.5042642219 18.4137552766 0
3.81139316946 16.6585808669 0
12.0643830296 10.5100964668 1
5.89349894393 12.3887283415 1
10.2239535823 14.1194081288 1
17.5126141806 1.75035667451 0
15.010624962 6.58194804405 0
13.902172508 9.45687580673 1
12.7482244219 16.0651014742 0
18.5608736884 14.091481437 0
3.14914452924 8.12206666258 0
16.8171884208 16.8210240972 0
5.51664955982 15.3581264148 0
9.06445274831 4.85667787456 1
4.91944910943 0.0348276989448 0
15.6152876896 16.8005700106 0
1.95076926525 11.7971881344 0
15.0914084573 18.9065570837 0
0.696752087651 11.5134988196 0
7.94850425301 1.31868179939 0
15.3402927016 3.70409410176 0
9.40034226149 17.8764812186 0
2.22515485512 9.73143954164 0
9.70555964748 8.07921792649 1
3.73256959989 6.74069712702 0
14.0595067145 8.47497786957 1
10.072105047 2.33070021679 0
10.049615923 7.02624569959 1
11.8380540765 14.8559879818 1
3.55314218186 8.3470434328 0
3.76406967232 9.25417022477 0
11.496546604 18.0771762951 0
1.37954257364 9.39206782636 0
2.92685057133 9.00426505897 0
8.89052385709 11.9790837376 1
7.78274863199 3.26698248592 0
14.3914549611 4.79382413372 0
16.7220008326 4.09129793141 0
15.7723448959 9.29898488495 1
13.1699635815 17.4401775209 0
1.74556105567 10.1229187729 0
15.5480749923 7.94379092583 1
18.462204717 14.2730737692 0
3.11525458459 13.5628878395 0
9.11043267854 6.86900122348 1
13.466565712 12.5246246243 1
15.8648010503 10.758387047 1
17.6182762699 10.6771788345 0
1.6151099408 12.2734760298 0
2.21903480968 9.37545322118 0
3.01439550165 7.11721591067 0
4.23787407323 5.53565768613 0
3.2430279116 1.0479709269 0
14.0718420467 19.154405016 0
12.7113230247 11.9620931617 1
6.32672373898 7.21079166816 1
11.0777818322 5.26485505224 1
0.471409356718 9.22164396734 0
16.7053392203 13.3121111894 0
14.1155774113 12.8934523943 1
6.37769813891 1.65890634247 0
17.9119556989 8.30987338615 0
5.60225341587 2.80433248792 0
13.8695419488 7.04486026836 1
16.033353239 16.2471302323 0
18.5051729481 5.28109060589 0
18.0140247551 9.0001408445 0
17.8726240494 17.5709753622 0
2.49629901024 16.4310762857 0
7.69696657833 13.754073264 1
2.9521131367 3.87749248836 0
0.158421658512 17.0935581743 0
12.9917431245 0.446151238145 0
15.7044944639 15.5519987623 0
4.39856030412 3.45409060895 0
12.5241012165 12.6516060618 1
11.1312587538 11.6741694658 1
6.92651941456 13.0908242018 1
12.5157095691 18.515519753 0
10.9953065471 8.72281270928 1
14.9684923197 10.535820116 1
8.69977209005 12.117565054 1
4.73103448896 7.6617666787 1
1.13413869891 7.93424377249 0
14.6899412718 11.1597082646 1
12.4269874286 8.84913998492 1
12.3001769754 1.43938740218 0
12.7933955996 16.5261612952 0
12.9071559842 5.50338214522 1
7.5867856464 8.53299518673 1
7.76282231492 16.8245792129 0
18.0983529558 16.8411493952 0
1.13159512436 6.71046165468 0
15.3687357763 19.0729818842 0
10.5537743899 10.8966213209 1
7.99594328026 12.15133547 1
2.96897378547 19.737992471 0
1.49113370526 4.48029592957 0
9.50486320747 6.98173512662 1
9.50872002686 18.4802943801 0
18.0988019702 8.74625207158 0
15.0713090952 17.0219756877 0
5.81022644652 4.64556836736 0
18.4627718476 11.5781217 0
17.4754883277 11.5866439067 0
1.40559929054 7.10844703572 0
8.65363017377 6.79397921915 1
18.6111242962 6.92643489815 0
9.40289177471 3.73258381174 0
3.60751046248 11.7060207699 0
18.7147669544 1.52397276845 0
14.8609816766 18.3893034189 0
1.96307979284 2.04319171514 0
1.18927408553 15.2324881117 0
3.1508369946 16.1651631349 0
7.17891531955 8.52528077399 1
17.5914442848 10.6436505044 0
1.6783855673 16.0459700845 0
2.34791496168 8.97171452538 0
11.2876966564 1.30354423373 0
10.2492608395 1.36309747381 0
0.21702851606 9.24837730977 0
2.25123350914 17.7892297408 0
7.73571784064 1.59609161562 0
16.2547013085 10.7294105593 0
1.00336026555 16.9461875448 0
1.17576004283 9.35593498357 0
0.238510475522 17.3088428029 0
8.60079834819 8.01101494397 1
12.1596016839 14.0315031879 1
15.5108982033 8.69815093708 1
15.9647870211 3.59556932009 0
17.0413222139 4.14537138989 0
8.35365119677 7.55497541097 1
12.6279209499 7.81994405727 1
10.9104358942 12.6344982909 1
18.5499635571 6.36378094846 0
13.909436103 5.20680638421 0
9.70738953933 8.1609372923 1
16.7880296755 6.06005097427 0
10.7243714469 18.1486171726 0
14.1784349184 18.6811749173 0
13.6505443114 19.6952265586 0
16.2569374976 11.9395257675 0
16.0765540474 2.53871126449 0
2.67693090061 14.4878508762 0
13.0040699107 19.2528674865 0
19.7780405792 10.484673342 0
15.8299810609 12.7212639271 0
18.3916317073 10.9584910959 0
19.4924016897 12.7454186166 0
3.78847338696 5.39826182669 0
17.7800125649 11.2525099605 0
5.14600193269 1.0894627506 0
17.1135931907 5.97040377969 0
19.8122379251 0.317806262338 0
9.62712826899 6.98341606684 1
1.43111165546 7.26836282842 0
12.7197227619 6.3358486922 1
5.57492923452 13.4584564661 1
0.390437762894 4.66926373576 0
13.9010288848 9.65820382477 1
5.23943008569 8.87675279387 1
4.79595228573 4.87248436076 0
18.1499186361 10.3865247324 0
11.6634584233 1.15391495243 0
9.80689670766 5.66886877989 1
10.3201582481 19.0715272074 0
7.0057010476 5.10591515859 1
4.51665512559 16.6684278197 0
10.2122232151 14.8995621585 1
3.22843106346 0.588943163008 0
18.6430732155 17.6113329651 0
5.56353478148 0.271905215787 0
5.95144245836 14.1502301173 1
1.68136174145 19.7677571033 0
18.4536127777 10.4346652372 0
3.32077759984 8.50525301211 0
19.2702188973 7.45615307135 0
12.5053023166 8.75598062309 1
4.6901057758 10.8698147764 1
3.51710208496 9.6757136324 0
14.0278828136 9.044291207 1
13.8360969719 11.4340743541 1
19.5918678093 2.83825329353 0
12.8440490191 7.30702794314 1
4.13828421465 2.47436593478 0
13.6689017318 10.8734023466 1
19.4738192854 12.6224199655 0
19.5315690615 14.3138747422 0
17.8275295728 12.7671505361 0
10.0484367322 3.10161014382 0
12.7530241772 4.71799397221 1
4.49193164477 12.0454188334 1
1.74640899426 0.871606812007 0
11.2388941272 3.92026458283 0
9.34195934433 19.5716627184 0
7.88764754551 16.8789565776 0
17.2301148182 15.2782281416 0
6.85568757357 17.4477412806 0
10.6515545478 0.920832092503 0
16.8639955979 0.0777593687088 0
14.7498753107 12.2000563544 1
18.449610208 19.1497468607 0
13.265607783 9.63489335679 1
6.97371937612 5.96894532934 1
1.53315549571 7.30734274861 0
0.359878028494 14.1285623766 0
18.5244794833 16.2676573509 0
8.83528602145 14.4292551685 1
0.946156491516 12.2240942597 0
16.5923264905 8.22011055802 0
2.98864101919 6.71874864352 0
8.05423833835 10.618306407 1
14.8060598538 13.0346045859 1
12.1327865796 17.5380559094 0
10.8979673883 12.6621656423 1
10.1218579324 4.88799580427 1
10.9357279542 15.7763618173 1
5.4587558013 14.3888477283 0
1.70016060352 19.9323960823 0
4.17745958894 4.57608933295 0
1.32037357127 11.0333927375 0
10.0944938272 7.29103641365 1
15.2559654082 11.4128660278 1
12.5369809032 15.0966124918 1
8.821599171 2.18587121411 0
15.1189246891 8.44299692434 1
17.260251577 10.7953178208 0
19.4363023855 17.663489917 0
16.1421913981 15.2342954377 0
18.0165999104 18.0121387224 0
15.3827450796 16.8075199984 0
2.94030241079 0.242808747598 0
2.50766488005 9.82235918918 0
11.4571757288 7.31185828124 1
18.3428598211 5.96541416198 0
10.5725726923 6.64114359052 1
18.6977317446 17.8570266986 0
10.6643229416 7.40822372787 1
11.0850564687 16.8461399874 0
10.5424214939 15.6115459807 1
14.044162053 11.8684387925 1
13.1207895473 12.5398670558 1
3.27985068771 9.79743316584 0
1.80057768141 13.9192407726 0
18.1083623943 6.49628627451 0
13.6533515874 5.32167859695 1
15.27388725 14.19659283 0
0.977356226807 16.1171008641 0
7.08826181623 18.142321543 0
13.9750765 18.2863087833 0
19.3536011898 13.5726578322 0
15.2423551169 16.2405495052 0
15.3746925481 6.67076087546 0
15.1650545743 3.08951329929 0
16.239331807 7.03576206597 0
11.636162332 12.6219703702 1
15.5222002871 8.06907982995 1
0.770263631105 9.8736649792 0
2.65034404787 16.2738070762 0
2.67397281004 15.6674858404 0
4.67777298468 5.396258035 0
3.03505940205 15.575468671 0
4.28111671322 7.28276106207 0
2.00245849668 1.74357608156 0
1.87393983559 10.9071016925 0
1.81153853557 15.1677334314 0
19.8687285082 3.23172017465 0
0.137787266889 11.9854280883 0
16.581424472 0.0352978117087 0
19.1170662583 11.4832334623 0
13.7860608179 2.67514479 0
0.479181970706 3.79138986705 0
13.6110864641 13.7072392735 1
6.08744026635 12.2484002823 1
0.369863615307 9.84721857407 0
16.9052130727 19.336797944 0
3.56570806414 4.58707201181 0
11.1453080753 14.1140256499 1
6.96492440664 16.1318308604 0
17.1280504418 14.1582220108 0
5.57448242463 8.20890426038 1
10.5694340704 16.0813304302 0
0.310137159346 9.34230359152 0
6.12676365284 19.226166955 0
3.35116587996 0.255090900413 0
19.3790219701 14.223573701 0
9.60392070775 13.4233771524 1
8.17588638793 5.45779310127 1
13.3257417979 6.34654816289 1
11.2871029547 11.4618287213 1
6.81652593791 7.27963475527 1
17.7673729592 12.442937407 0
9.28599168768 1.30754427366 0
3.32755447274 1.21990956301 0
18.2338674509 14.0391656652 0
0.264837532488 11.3872226307 0
8.95698893276 11.7176404456 1
12.0073327274 10.1484749314 1
0.83452279017 11.6741386615 0
18.7623183199 5.26018214597 0
5.41509728381 16.854139627 0
11.5982160391 7.69696612519 1
8.1540690241 14.4015810121 1
12.87147068 1.70517704774 0
17.7169008154 8.42011409486 0
3.52086254874 8.81866073659 0
10.2753406858 1.62121478542 0
6.94742907102 3.7793200622 0
16.6019221038 12.6423976064 0
3.61997787636 11.2287437522 0
8.97022131399 9.74979773927 1
15.7785753797 10.586841449 1
12.614615442 14.648836236 1
12.6224389752 2.76196278343 0
6.11301334063 16.7907504305 0
10.9422306535 12.0717963644 1
1.48680924388 7.31187388928 0
8.14293150677 1.38927425236 0
19.3139861951 10.6629182219 0
5.28775655294 6.55882028407 1
4.84931237722 2.16219261094 0
17.3925059976 18.5347098712 0
10.1401037696 5.23973843871 1
1.07473755115 17.4918593391 0
17.7032742721 19.9512807604 0
6.04130688674 5.18105504154 0
6.00851785427 5.96027472007 1
4.28139301219 11.6933299532 1
11.8743655862 4.38632334014 1
15.2581822546 9.976294197 1
19.3595337304 19.4818718715 0
18.4355380247 2.99952338515 0
19.968507321 12.8335140467 0
8.97144025308 10.8148281225 1
8.3394369694 3.33711208007 0
10.3701099005 17.0850033241 0
8.74291047259 1.78671863445 0
14.6722234 16.2714447848 0
4.14869820329 16.8750179315 0
18.2372309773 15.9270998457 0
0.702706341985 0.00792305568454 0
9.71316030856 2.59828661447 0
11.5338417893 19.6070736528 0
16.490773592 10.2798191921 0
13.0979809852 10.0154211191 1
6.64114932624 14.2717810444 1
9.74904479644 15.5763148065 1
7.37600716281 11.8245921293 1
12.516294478 7.51323429917 1
12.7367254399 0.0114237958458 0
19.5916294892 5.17389384215 0
13.7763636315 17.8922100683 0
3.73140938152 2.3113300977 0
9.35836155848 2.03271449304 0
7.65095190177 13.2493560344 1
7.52826876934 17.7773015503 0
14.5125668577 14.9242350161 0
17.0172866699 12.6804964731 0
16.2912248626 12.1398185927 0
0.0536529885269 1.6593648303 0
9.35437347242 9.17166973958 1
2.20722380496 2.33449022602 0
4.89878021639 15.794595637 0
14.5516525615 10.7497124162 1
4.49114798838 10.0643668296 1
10.1338403706 10.6726713753 1
5.58099260808 19.4775275279 0
2.0917434605 16.1000265985 0
18.3671291253 0.11029906458 0
10.4586461798 3.31002053451 0
6.9911096955 16.5205873014 0
7.30306317823 8.17997296028 1
12.1200033865 12.5025186932 1
3.24367833878 9.42769764313 0
15.6492588249 19.7158226035 0
16.2756894002 8.84577461682 0
8.62457784583 15.8353542647 1
17.2145226281 15.9864272756 0
19.8625727666 1.20866622895 0
6.92667751377 7.66231638692 1
7.51786342298 5.90591540558 1
11.8788342092 15.9623746483 0
7.45425596883 1.2220406605 0
6.54190108082 18.791878175 0
13.4037842404 14.0814156612 1
10.6277404167 5.24738268075 1
16.4291542471 7.72016858081 0
19.1425556707 6.23580489024 0
14.8425374806 12.4934649538 1
13.4975091463 10.6820185249 1
6.74091152692 15.3739684649 0
11.7487980467 14.3002243515 1
17.3633136353 16.671338601 0
15.5313167678 18.4237377919 0
19.2029043466 15.2352452254 0
0.399568933708 17.4526049114 0
19.9811588374 18.4929689706 0
10.2928597559 12.8712861379 1
2.29298353314 13.9746476084 0
9.57214624751 6.1006688752 1
7.56902486829 0.0915542034662 0
0.0172684275224 13.5832302174 0
6.75648044311 5.33140616862 1
13.9200084945 7.07843528378 1
4.83672566197 5.22059946374 0
11.5327516165 9.11543486498 1
16.2601136 8.03869854335 0
3.02480660954 10.2456214108 0
2.30637308588 3.69265354917 0
17.7899571423 11.5038740359 0
5.22744727448 14.5850666623 0
12.9534671006 9.64873237603 1
7.73209434501 12.6742204669 1
6.37430477114 8.83532186193 1
19.9362134269 5.3221223454 0
18.7605987798 16.9666895737 0
8.23054933449 11.9935976124 1
19.169032242 1.8886011358 0
3.84039361631 3.35012347402 0
5.2059753215 5.07636222482 0
8.97860534251 15.1207409605 1
13.5159035147 0.789181204508 0
12.4320273264 4.70226558682 1
6.80865661118 17.4566262979 0
15.9485125064 18.1622509986 0
14.5160966893 10.1679748599 1
16.2986911409 4.35142200467 0
17.8113820691 2.99969114644 0
6.27920388649 11.7345982709 1
3.65270349452 17.2447034961 0
3.13162901583 15.8485951007 0
10.998041906 11.7741077808 1
5.89097473791 15.9674856002 0
12.7999243585 13.2509188789 1
0.921047296091 10.0812372868 0
2.69958021704 19.8827356225 0
19.9184453844 7.37779041414 0
4.57208323803 8.66727810497 1
14.2097549238 13.1442220021 1
8.24112856993 13.3210878765 1
16.9007187858 0.081494088785 0
8.56724053047 1.9947401322 0
5.70113703579 5.12685224537 0
12.7695163223 11.4924058486 1
5.08645593494 12.656959718 1
5.53273016071 10.4563633024 1
18.5997700184 17.3702639372 0
18.381789271 9.98380536839 0
3.37284105875 6.34663396166 0
13.8425590471 3.10431033542 0
0.567394931214 3.52225835279 0
0.075676815291 0.276150686269 0
4.34600117269 14.26520015 0
13.4542577729 0.789344333396 0
7.23239133125 7.92606736276 1
13.759182027 4.78653290009 0
0.385963764444 7.62855105725 0
14.0305152393 6.78792803252 1
9.49803406882 16.0471040446 0
6.56326874359 19.8782927826 0
5.18121035186 7.38857447754 1
3.823669231 1.6255777136 0
8.04887456364 12.7453243025 1
4.57773565801 3.59561001883 0
2.10234723715 15.3814290053 0
19.3926932019 13.9651463559 0
5.03954034973 12.1071857875 1
7.95805009076 0.0193178003787 0
18.6391356692 10.8215331558 0
12.2381010756 12.4544015406 1
7.93032763813 7.69331583567 1
15.6769352969 13.9074484284 0
11.0320463894 5.63829640866 1
14.2296667505 1.89293246386 0
1.32919407424 1.21431829109 0
17.5184868223 0.821944124917 0
12.4135708449 18.4384954185 0
9.89338657345 4.81263886474 1
7.65404331271 17.6998415905 0
0.859076078726 5.33229147925 0
0.111353286416 13.8584569938 0
2.28412551797 4.37933502822 0
13.5553413603 15.9029641917 0
18.7382123502 10.6896899509 0
15.5612833149 12.6703659348 0
2.10428852459 12.7555495292 0
10.1312331228 11.7098643451 1
17.7057682342 14.7039096193 0
13.8589639356 19.7249490408 0
3.59029679495 11.8822521468 0
10.2850543306 10.5363257772 1
0.992657722567 4.27655388224 0
1.79209770452 17.2839987502 0
11.8727993407 12.7452432941 1
15.685494716 17.3228671436 0
17.5212672127 8.0963374036 0
19.0284184408 0.198840535853 0
9.52144651253 4.11896384565 1
5.02207005529 17.7174153734 0
2.56682505895 17.0647723997 0
13.6005540781 6.10992823673 1
9.70077262839 9.63065431129 1
4.39240226284 0.25721311597 0
17.4868996817 13.7797702552 0
16.9889522081 15.4017946001 0
6.88489573924 14.2424010986 1
12.9556948961 13.7651184859 1
9.38428051315 18.6791837439 0
11.0026512989 3.03394724936 0
11.1527575286 11.2689590114 1
4.80205730623 8.15672740251 1
4.98991837623 5.13387367262 0
18.717083422 11.0599074665 0
1.46411438194 14.6896088262 0
10.7036615862 10.6025462952 1
7.24546525145 3.01727781635 0
1.43243457249 8.51491741409 0
14.2940206563 5.66259389504 0
15.3678220851 4.7315097973 0
18.4300195201 4.82187055045 0
12.4864111557 17.6418134275 0
14.7080792551 2.7868891698 0
3.14482279869 19.3684820402 0
10.5327387686 19.7303642024 0
13.4877002673 0.159527779223 0
10.1121261369 2.42479129968 0
14.5368615713 11.9462505251 1
15.0511507383 1.55170201426 0
0.80383276269 11.302786074 0
19.2200954645 15.0986195089 0
14.790744799 2.30348543629 0
2.88220228357 7.50369481912 0
3.24355742083 9.97979323562 0
9.64277983877 14.4101773235 1
5.5995940765 16.0906940147 0
4.35822967186 11.0150810866 1
19.9766339876 18.9594373166 0
7.99344805751 10.6461710076 1
8.29894932402 16.2206026818 0
13.8342640268 7.14973616632 1
16.5906965114 16.3402531969 0
12.0032551035 8.38301383958 1
18.2142852359 19.3584201098 0
6.2270061612 17.3964225751 0
5.25137373367 10.6126515241 1
15.7326482284 1.59665239339 0
0.0459892996364 2.99427420072 0
18.222473595 11.4975192121 0
10.7133590695 2.35873266765 0
18.649736142 1.36202077335 0
17.2087598636 18.0560754034 0
8.39410422769 19.2728153709 0
6.99895892494 14.5245009673 1
11.1716863593 13.96294642 1
16.3746570542 11.3635432874 0
19.4109443562 15.4168204219 0
0.0665246377965 2.32942043385 0
15.6861969452 13.1136061872 0
2.25019191394 3.23657302802 0
1.47200789635 17.50061928 0
1.4533014212 17.3516263292 0
7.68974537296 3.00125245608 0
17.1463404157 13.7697689652 0
3.81477157988 19.3922139099 0
6.46953145337 16.8414962158 0
13.6666867503 11.3604955872 1
5.93000808104 19.7361701368 0
2.68361695485 16.3588407389 0
1.13220654546 15.4083137489 0
12.0699838381 12.6578421915 1
8.62827952996 10.2855575966 1
16.7901639893 3.08180365842 0
19.5709737332 17.1021140231 0
19.2235147896 10.179420914 0
9.32980339644 18.5938177285 0
12.0598198342 16.9511742037 0
7.55212549686 8.93786065472 1
11.0170024714 5.7082386866 1
2.64253742148 4.08437824258 0
3.75393347924 18.7458691446 0
13.001751512 7.15579040598 1
18.9324675057 11.8152345384 0
10.5566625145 1.87306759621 0
4.02375930666 11.5107198012 0
4.2614944713 9.4466448127 1
12.9517676021 0.0504670216549 0
3.98647144083 7.04932993276 0
17.3670567741 1.85283475293 0
13.0475222158 19.5718323739 0
12.8464549207 10.5127493325 1
6.12610114248 7.2008156964 1
9.45653991919 19.1068041819 0
1.81559143647 1.86635036933 0
5.37514556604 8.85059487061 1
1.77261104444 7.72584821128 0
2.65905135275 8.67029578961 0
4.80644927585 15.7351808588 0
19.0029363801 5.02772785463 0
14.4732447514 14.3303225756 0
9.1446968755 2.93916646257 0
14.7252436836 6.93247981008 1
9.12229262331 3.33854033932 0
6.34855233158 19.8275827417 0
3.71830775424 12.7218709987 0
2.98474430141 10.5053697518 0
7.0442781301 6.99873106347 1
18.0439107748 10.064610042 0
3.11603119401 9.58956344778 0
4.78484458902 14.2393690218 0
11.4967361936 10.5941478834 1
14.9301970627 13.4031694057 1
7.86716965281 14.7119633849 1
18.050723076 6.86361124299 0
19.1321591234 4.02251292154 0
1.03945014437 7.7683863338 0
0.386968197764 1.92701255053 0
13.3713317741 5.38670622029 1
14.3539360515 16.8183040247 0
8.8217785725 10.8210092253 1
15.5757137576 10.7727604407 1
13.2987596893 3.99407598986 0
6.13953294019 14.7265967096 0
17.8131175133 7.99648730766 0
3.486565382 6.69696033982 0
4.67319713385 13.6731256657 0
18.367011093 14.3694945594 0
0.683379609872 14.120139334 0
17.5052025096 16.0378806375 0
10.4766225034 1.15688309232 0
2.31874888916 18.5707476235 0
2.40857105739 11.8618893195 0
1.31135355451 11.199050535 0
14.1040853344 14.324966762 1
12.1998736659 4.91074400715 1
10.1543496766 11.8351937111 1
12.8173697717 12.2150786278 1
18.9715394311 18.2354639724 0
1.53900377077 3.04404132202 0
14.066437652 12.4913600479 1
1.32725414966 18.4254657808 0
2.49703204226 4.74286899632 0
4.45023637046 14.1246380007 0
11.5328842221 16.6584073649 0
2.08114323571 0.554682665992 0
12.5376467111 4.76778844329 1
13.139864525 8.84003526137 1
19.5220137969 15.0868923489 0
3.9099689963 0.106661703986 0
9.58877558749 18.9716387442 0
17.4384136819 4.97384881296 0
3.71998742266 0.40063258857 0
9.59452738406 8.43606627163 1
17.3312513992 4.63574830056 0
10.6834366735 8.78840672172 1
11.4939726185 6.27496820084 1
16.5871180334 10.0415378052 0
0.127684682026 17.2650605766 0
16.7595601213 2.67930445452 0
14.9363864532 19.1878672599 0
14.6848760323 6.9798962454 1
17.2426607341 4.98465550068 0
19.9577465753 9.19128863198 0
7.70995493697 9.71084943342 1
17.8287403699 9.82369469737 0
13.2150469229 4.97363565119 1
14.5929007921 6.20165789275 1
18.4329012626 14.1555353916 0
1.79881884056 0.159593057283 0
0.898006372697 19.4915984525 0
10.5888419764 12.2278718828 1
13.9262716961 0.573512467267 0
1.68544743652 2.53064352991 0
7.02802294729 5.09356992156 1
12.4467214559 14.8492667224 1
5.11209531182 6.21397998627 0
14.529584436 0.675884383762 0
14.3385110676 4.44614120299 0
14.1804175453 7.95117799305 1
18.8965003723 17.9471227618 0
6.93880241908 11.0227992261 1
16.7295528224 15.2990547509 0
12.2204273462 8.37870752451 1
0.957780118638 15.9427939245 0
14.4870484916 5.98428793107 0
0.224026130598 13.4180275652 0
19.5703048938 2.27999964996 0
4.75582925072 11.1118518512 1
16.3755901209 14.5152400714 0
2.64384551941 11.9789094251 0
7.07866791263 0.996764310428 0
2.14819580045 15.8536823901 0
15.5143828824 4.70588316526 0
7.87333686391 13.0686688075 1
1.81991382266 8.72666191642 0
1.22996784065 5.94230008421 0
14.4212972644 9.00043063212 1
19.6184384901 3.25817651871 0
15.3111700616 6.4459311911 0
17.4597042245 14.1877073283 0
16.4011115784 17.4919762617 0
9.26797819277 14.4388560402 1
7.35425446199 13.9856385156 1
11.0174998782 0.859360365903 0
7.08555878616 5.61264867532 1
2.58372441849 7.05420676889 0
0.187046996049 7.85280983486 0
14.7218981094 12.3812787833 1
17.1970077784 14.9116590053 0
2.76953929269 15.0490350743 0
6.66509018794 16.3662104316 0
0.855319566916 16.1087280616 0
12.6146953014 5.30580040093 1
4.41069340298 14.9080977284 0
5.4605570587 13.0782408176 1
4.02755235616 0.034760407481 0
15.7973102678 10.065815949 1
0.841391008035 1.19676917355 0
6.8570613999 8.39316900709 1
19.0845201612 11.6621236007 0
14.8489763831 3.93373771305 0
15.3528381452 11.9358624216 1
6.44690935576 0.885902103366 0
18.8659803841 9.57277687981 0
2.45833225999 19.334456731 0
18.6006032938 15.2203439325 0
19.4068428195 5.65448527127 0
16.9629422723 8.63526444522 0
1.73682029188 1.89968982177 0
14.2604813846 4.96711812613 0
9.5829151258 9.86887773119 1
7.38785548198 5.19108399881 1
1.52476525893 6.99520780112 0
9.03032445506 0.828830098631 0
12.0806909284 16.1693473011 0
6.3115009863 6.94875381983 1
8.38252880574 9.55053785521 1
8.45387238756 2.51055365788 0
10.0856761133 0.305735787041 0
8.18851123006 17.8861616877 0
0.358532310752 7.13803659993 0
19.6310897996 11.5378578455 0
10.3887823816 8.27874637736 1
6.32725138022 0.69742556024 0
3.27784353855 7.04982417279 0
10.1166655318 13.4880947604 1
0.164214822106 4.49994644591 0
2.86671147461 0.15636187545 0
4.60194174675 14.4012315085 0
13.3033526564 13.1363148234 1
6.46431741597 18.00026606 0
17.8073377888 16.6646604211 0
9.53883832287 10.6885399824 1
9.61297373581 10.9365320267 1
18.1592896269 3.20053858426 0
9.96041563646 19.9230870361 0
8.25138110681 17.5952899408 0
10.0338238719 9.38936696404 1
9.51190372517 5.71190777749 1
6.28589745422 5.63799362214 1
8.94118632296 10.1203586566 1
15.2611810824 4.66871149033 0
3.05690578947 2.82322982049 0
12.9533103958 4.06255509158 0
3.90255073839 9.89268174037 0
8.51684753272 10.2834509823 1
18.149875622 8.60090426559 0
16.0868864129 7.77299332126 0
4.88142357165 1.57790763025 0
10.1691064255 3.52267829822 0
4.28903780771 6.03802174431 0
5.13772158159 3.6025174385 0
11.9259376443 2.02271938019 0
9.2746039419 18.2564268723 0
6.27153386051 6.88881636419 1
12.2730052742 15.2315626849 1
14.7202976039 1.43946265198 0
16.8422773663 3.26987041074 0
8.91325052808 13.8044616262 1
4.51199959194 1.9108727883 0
15.4192043177 6.64670787948 0
10.2729721313 13.6007292575 1
8.7995523343 9.89373503294 1
18.4706409239 12.5726420639 0
7.23550223636 4.74123563551 1
5.30118657874 15.6691103661 0
7.01701646495 2.94969915503 0
11.6764479753 11.7380003474 1
19.2803991698 15.8173582293 0
3.35477243807 0.145344967237 0
7.14515334407 3.46755521231 0
16.90102531 13.3182385328 0
4.49098286562 9.18367876472 1
4.86994073107 13.4664265085 0
14.779983833 2.98654514829 0
16.559295792 17.676674439 0
5.42248916548 3.14544670576 0
16.9962645894 7.93712441818 0
15.4676477001 1.72432284288 0
1.84392647198 11.0295730073 0
15.3338130935 9.95481569469 1
8.97088826273 14.1797295223 1
13.8659410148 14.1208458863 1
1.47653184818 18.5643565386 0
9.89218247218 18.728648531 0
7.38293523159 16.8225732494 0
5.38950688957 19.8338919836 0
9.75165702853 11.451005796 1
12.0903401543 9.06206604994 1
17.2021442192 8.96414333335 0
16.7973241497 0.0697455619473 0
11.163729967 10.6999414018 1
17.6662504677 1.46373522467 0
1.43170346866 2.0053250178 0
3.8817587862 17.8895243719 0
5.68999170675 0.232370279303 0
0.743313379136 6.38443800043 0
9.79325398976 15.5016335893 1
12.3011621629 15.837066953 0
4.94736526657 3.89531621771 0
17.9557382269 19.7815435795 0
16.6359750344 6.29969242061 0
2.58154623103 14.1642208857 0
6.2142077412 2.88232926304 0
9.06106317307 19.7384681879 0
6.90327778642 13.7678913374 1
9.76050103714 13.4360360441 1
18.8289192443 1.06286834171 0
14.9835450576 13.4265838094 0
5.02032324077 3.17402025061 0
12.6754750599 17.1337668517 0
14.7877193459 11.1133689375 1
1.88056645346 8.11007677137 0
0.369561812074 1.91414292979 0
9.73222170656 7.40591898078 1
16.2616737299 11.988815838 0
9.85617544827 3.32669445297 0
2.91538745194 5.67349277389 0
17.2463471032 14.668475556 0
1.0680818539 16.8355191202 0
1.0381788975 5.72455953322 0
19.1279088642 12.5120546871 0
2.88396770287 17.8099683303 0
15.3466615942 13.5916729173 0
19.0032854525 8.71330441945 0
18.4917981171 3.15675633788 0
3.85845689686 2.30520196957 0
9.76167809134 19.3480705521 0
5.33295546019 1.33652051733 0
6.18491443102 3.30940238246 0
8.93040069379 10.2300841969 1
6.3690835573 6.01389662779 1
4.69507713428 4.15406617947 0
11.9760038728 18.2663666427 0
0.493451095289 19.0183580335 0
6.93690690429 4.82824807218 0
11.6629225883 9.73986356185 1
14.1557357066 14.9076300541 0
12.7643604637 9.07808832453 1
8.93617516348 18.2220873592 0
18.7615410575 19.573515418 0
14.8608969868 1.94837740865 0
16.5360708222 9.08100851443 0
6.49434500722 11.7904974191 1
10.0874347807 14.7341507968 1
4.97522739648 15.4926695836 0
3.78446524292 12.5265281108 0
16.1099257991 8.98095566075 0
16.8173511165 8.06065488013 0
19.4364727534 3.66115393623 0
7.59878226143 18.2081899284 0
11.1697610908 9.30606604266 1
19.6023414119 6.4809921078 0
17.4447220065 14.4596679928 0
2.25974291331 17.9362000037 0
5.01224087498 13.3812397973 0
4.37839934461 7.04621581697 0
19.7512180828 0.699185306666 0
8.91349873226 10.4275401859 1
11.28564746 12.9841244765 1
0.607009711133 17.9158253978 0
8.32434212008 8.80349104997 1
14.3501348051 9.91258106566 1
5.88681749111 13.0793669143 1
13.2419047364 18.8352746231 0
12.6706954903 4.98554766603 1
6.87612901521 10.8954669443 1
19.7540188452 9.93896175511 0
19.8375307046 4.55276103531 0
12.6857509042 2.71406670451 0
0.78877215713 13.3451280558 0
14.8959172945 3.20237210436 0
2.56297141168 0.177750232112 0
18.700529836 1.8920745908 0
5.11364704538 10.4372819657 1
8.67753235308 13.0954710877 1
19.9168337458 17.5631034441 0
6.06728891642 17.8099699132 0
2.43709163862 17.4685657348 0
17.3401714861 8.86040166989 0
5.84786297908 11.0432942895 1
1.78963776752 13.176985186 0
3.82955222776 16.4162811952 0
8.20599092608 1.7348985401 0
5.27457602312 5.21513870045 0
19.9405896275 6.40719187739 0
2.87077517714 8.26858575831 0
9.06875100319 7.14367938793 1
0.107566115626 10.8261602261 0
10.529469232 6.98455868157 1
4.8853495939 19.2517826326 0
11.6115748832 1.19073613304 0
12.8822197973 0.787070627814 0
3.2840749626 17.2088414478 0
0.963228798805 14.7666325112 0
0.390563039071 5.28748970427 0
9.47968422792 13.1371707978 1
6.91153740033 12.6678933496 1
0.362364725887 1.21845496515 0
19.1748067024 4.38246677325 0
3.28485901013 11.8762641903 0
19.5960446428 14.0406803875 0
2.02549242204 19.4306041915 0
10.0594747376 10.6491013694 1
14.9146112622 0.013058315276 0
15.8567573822 14.3129152247 0
19.0363456547 16.1738590663 0
5.95454296895 15.03344426 0
17.0035264496 3.63425102401 0
13.8463832733 17.4011715284 0
8.95408891437 15.5856728408 1
18.0104899822 4.70691228923 0
13.3751526595 9.59132999203 1
7.50362327611 17.3678137001 0
17.909762755 7.67889780733 0
16.8508283687 10.8304371233 0
9.15056803669 11.2201170506 1
2.21726178493 17.5620068548 0
2.26083545211 13.1311113262 0
4.92077553406 11.9587213455 1
7.82393279749 9.81294197244 1
2.67644361617 17.0637103581 0
8.10309041945 17.7275067652 0
16.4621254146 14.1464798205 0
8.42905216053 14.1249073766 1
2.86291219782 12.7094676471 0
8.45159241758 11.4797970867 1
17.8798750407 4.65834843901 0
15.8610022024 13.0718096686 0
5.22283169092 18.0534451746 0
12.984136209 5.17059641649 1
12.4384960443 16.0062560252 0
18.7460610247 6.78319189678 0
18.9871815241 9.94639302566 0
6.54655613947 10.1447906458 1
3.43647751749 9.10474870578 0
11.323954287 7.31644284772 1
9.9613483898 12.8634783534 1
0.605961669747 15.3199893239 0
12.7048014596 3.22362409153 0
8.10251444054 17.9672767033 0
0.507788782616 0.807192471853 0
17.1868081225 18.0866629653 0
17.319533424 1.13478872295 0
9.63786246889 4.71592412421 1
5.51295345933 18.9954373793 0
6.6067275877 2.22758627075 0
8.62561370822 3.52997337044 0
0.224974786693 3.87469566807 0
8.21472121691 19.4618829877 0
1.19862345879 2.3407922701 0
6.87347465343 8.92315492723 1
15.9591774983 18.5349289538 0
16.0291393214 15.4870599029 0
2.56854255729 19.5150865147 0
5.56391842601 9.2923007949 1
18.4943662598 16.3828632229 0
2.99411374985 17.0685944432 0
0.758520031031 10.1980713156 0
18.8176942493 12.4744785666 0
12.7114455016 2.47881228972 0
2.55882351485 4.07306228002 0
12.0784186327 16.1020983039 0
14.0176388076 13.618827112 1
15.8928256504 8.2990123133 0
10.8012630298 17.1995538469 0
4.62509084814 19.4848067704 0
14.2791944303 8.33564824475 1
16.1626249463 1.72518693707 0
7.05965358027 3.7469394241 0
4.01246644554 15.7229715937 0
11.5995424712 16.3629148618 0
12.8779009528 12.7131670174 1
19.9259381523 13.0899375965 0
7.89455710718 1.20304775713 0
4.80333216007 17.8893502527 0
15.5345814709 16.6022753215 0
19.3620005439 19.7274560334 0
15.1622464038 17.9476773375 0
3.31023827295 18.0937014496 0
13.6527107449 1.70547567331 0
3.28719725113 7.91805874615 0
1.99706226861 1.48698955926 0
5.6284116149 13.0960625239 1
2.3928678172 14.2718139041 0
15.6470900408 11.2101370977 1
13.4018414238 12.8456745866 1
12.2061706323 0.322518282816 0
0.295069394618 12.454087784 0
18.5028024591 16.4814000842 0
17.5394765579 4.29280302128 0
14.1546252469 13.6389786035 1
19.308350181 16.6166898739 0
15.3889965935 2.66024156774 0
8.38982284645 16.4199716456 0
5.8604556907 8.85104792988 1
15.2576949745 13.5823225897 0
0.270600014075 6.51408725578 0
2.11163030995 16.7155182788 0
7.3201559892 14.7482547672 1
11.3336444095 10.4898957415 1
13.5836777909 2.25163114847 0
4.55655814144 12.9693724837 0
15.2030597623 12.718081801 1
16.3096609707 19.7601937645 0
12.6555028907 11.8699265801 1
10.00796913 0.295426519564 0
3.12682891198 17.3597174843 0
6.50247324556 11.1662896695 1
18.3197854093 3.44482616176 0
7.80425174205 17.8481510953 0
2.92346780628 13.8723991976 0
7.1398891956 7.15987524648 1
3.53232244328 12.8401846864 0
4.99289696863 17.7006814783 0
19.9486896266 5.14334026024 0
16.3844167702 8.46147537278 0
13.1384090749 11.1608704582 1
6.28232153519 13.4648751294 1
13.5695837988 16.8274302146 0
12.6735323639 13.682348717 1
14.2925442043 17.3097692357 0
9.15074144166 0.233698807112 0
5.4637149053 10.9384139829 1
4.2447556646 5.0270233638 0
17.5339615772 0.905463915323 0
13.0046309199 13.3780748496 1
13.4896817395 7.77477912947 1
8.42968534319 13.6379667378 1
12.215989504 10.2279062003 1
6.43991989029 1.53406219507 0
4.11104903267 7.67951798794 0
12.6891991897 10.5836055404 1
13.4936060239 5.11139828589 0
15.8319135558 5.28508362107 0
4.25473069765 5.5285760368 0
12.6369618172 4.81749176466 1
14.2488275936 16.5813102825 0
14.5536630047 4.46526571777 0
4.23997927609 16.3492283812 0
10.9057773583 2.14497847335 0
6.01468122611 10.0070290652 1
18.4754708147 8.97824590894 0
0.36974806836 2.62113284056 0
16.2621206765 3.3916880317 0
18.467599061 7.85923393035 0
11.427072244 17.3654803576 0
12.8207601805 15.0769011874 1
10.6819909186 11.3005762023 1
1.44285534248 11.7596965693 0
19.9930063768 18.1026551427 0
19.5362821323 13.2958605183 0
16.305884904 1.8330638192 0
4.38251563012 13.0604739035 0
19.0657722802 10.5205613566 0
1.02703006767 3.63470355179 0
8.00571330024 13.8535960415 1
19.5845507088 8.70496217974 0
13.4783252111 11.795757691 1
8.14826833855 19.8993963246 0
15.4979429717 18.4108857249 0
8.04874016401 4.02913188496 0
7.68113411404 0.911176096296 0
19.0706699179 1.18026924172 0
4.94868973518 2.7868795938 0
9.63518668075 19.7396511485 0
5.08084548433 9.34514366101 1
5.28303896865 2.9257493051 0
12.1019499025 4.34538648499 0
13.976675528 0.831629441809 0
18.442852747 14.6939126556 0
10.2292474096 10.6527873589 1
18.0010640657 13.6464152599 0
16.033241105 3.20220391893 0
17.8007691772 2.59544059809 0
5.69773146805 15.4507009612 0
0.851962646922 0.587501941358 0
9.62645211549 9.69923665266 1
1.0387794437 3.78545832424 0
19.4367094188 5.68800967386 0
13.3927351101 14.1873926793 1
11.1300326386 11.2347986097 1
19.9413732535 7.06850896963 0
1.91891372785 11.9797268393 0
11.6710281065 19.5012146392 0
0.0227867068344 18.8424002693 0
11.4585252707 0.68786936063 0
5.00849793676 6.68280036285 1
2.43654424132 2.63942491837 0
1.52462897788 1.79344362848 0
7.7460977687 4.581846493 1
9.90720128365 13.9537059672 1
11.8371765836 19.4830030798 0
19.6766467714 17.1942210244 0
14.8883686871 9.24274589189 1
4.54895477566 13.0397617647 0
4.29400055125 12.4231019921 0
0.848248624038 9.91384105418 0
1.56118749674 14.0931508145 0
4.70418883075 18.2052879056 0
0.241055636298 9.11276046158 0
0.986461235553 5.60680782185 0
14.8638615348 12.9148561124 1
13.8281172616 8.86246006482 1
1.73789402314 1.2194249255 0
5.87524625559 11.6458058822 1
13.7491898115 3.88586803394 0
1.69139142608 11.5000192697 0
4.00588523843 19.2884839934 0
0.662355159685 13.9976135564 0
11.97058418 16.9291535913 0
17.1224925256 2.83277095912 0
0.663407984683 0.244635638697 0
19.3887107998 2.4499304773 0
13.8917019635 13.2492355451 1
4.50282370324 0.601267048803 0
6.82195309647 2.61295643019 0
5.30800896093 0.132842520245 0
9.73330097504 16.4751223229 0
11.3620061779 18.0282706962 0
16.5609700051 0.0161170293745 0
12.3473037663 14.1543881666 1
1.96651885871 3.11231810719 0
15.3069985894 18.4535542423 0
1.5238595857 9.92178870079 0
19.3705880623 17.989415448 0
6.54068927131 4.1841759791 0
7.43390372079 18.0499006155 0
14.5503627384 14.2727757913 0
7.28563357415 14.2633964104 1
18.131442553 10.2517730601 0
18.2391615461 9.41401241718 0
12.4170447257 6.83331494959 1
5.84383226588 6.08322904035 1
3.29994789002 2.7002735955 0
2.9089411674 8.05192098919 0
13.0409243607 10.0768625973 1
10.4022739045 6.85842465776 1
8.62349350908 12.3571816566 1
8.57695551604 12.5157460409 1
13.3787281439 5.66672444431 1
6.81378030242 12.7462308272 1
12.4365478299 11.1001148106 1
2.42954645702 0.117106388787 0
12.9544678297 6.6002545534 1
4.30541714936 1.41987936084 0
0.818141088279 6.98115535945 0
10.1939779463 15.4056840687 1
6.39277051394 0.432663673411 0
1.58060558642 8.36339785128 0
18.9280291486 9.6625169251 0
0.323811911211 1.98179788721 0
13.4552617363 5.34068554378 1
12.7057377847 12.4186313172 1
2.06246545699 6.3510927741 0
12.4946070903 17.999152214 0
6.48430565771 2.19358502216 0
8.64028839079 7.41407885262 1
1.42770203496 6.17571111963 0
5.50133685973 2.62078408533 0
3.34949247809 6.4397345125 0
6.35031428115 5.39929033872 1
15.8420680571 5.03727512144 0
3.31476904152 1.92124017496 0
8.71316795803 19.4788433049 0
1.26268927479 13.5588779722 0
7.80685977757 18.2782138283 0
10.0168306797 9.40791733563 1
12.1150264667 10.3238682996 1
10.3084927552 0.711346759598 0
8.55735174608 10.8934208843 1
8.9069967645 2.62458621323 0
17.242866454 8.36668802435 0
18.7325372941 19.1062186211 0
19.7707951248 15.5211751342 0
0.809530043829 10.7867141024 0
18.9402015016 18.988967661 0
17.1300855832 6.03132468229 0
4.42871585831 5.0560738981 0
7.29055821537 3.62757877849 0
4.0966001133 1.40078478231 0
16.7887803025 15.2236327411 0
18.0976917747 1.30561930541 0
13.8304395721 18.02705037 0
12.3800688466 11.3741549567 1
11.7581583012 2.80749394549 0
1.20273499282 10.3296836561 0
7.94684450028 18.9082509021 0
12.8546059179 14.0187499565 1
12.2853513996 5.89959204174 1
2.57196294928 17.0285305488 0
9.59680498868 1.95443897878 0
13.6234221509 8.74345720477 1
9.32721162785 19.409832299 0
8.74366661672 11.334837027 1
4.8678328766 16.7294671155 0
12.6109402436 18.4071629221 0
17.5626159921 7.28801380829 0
10.9979111208 18.4598138387 0
0.680967717499 1.81798700274 0
4.93632786434 13.0262318649 1
16.3230918944 10.5042905919 0
19.069570707 18.6495913301 0
16.9568127627 11.0194624831 0
10.4652955034 17.3786515925 0
10.0250923939 2.01856637588 0
13.1634220519 19.9658422351 0
13.1897328318 7.07238628123 1
3.42995905404 3.88175690019 0
5.68401080841 0.921892097199 0
14.4756934273 1.19310580717 0
3.64875675132 13.395537077 0
16.7417693691 3.94100502065 0
13.8401009018 15.5465922236 0
6.96773841777 6.59897854631 1
2.93177218428 14.7720721525 0
8.77270156955 18.6142589475 0
13.3179058103 18.2284732673 0
0.845774124892 13.1605144445 0
16.5190313838 1.24709318647 0
18.8415518899 16.3963347916 0
12.7318677316 17.9353806553 0
11.5271868502 16.7249693285 0
2.06327416736 6.91428193651 0
9.10941738165 19.7261304072 0
3.21024905505 6.56772775275 0
2.82198427873 12.6618281369 0
18.6895037583 17.1169691061 0
19.6843141942 11.6458207707 0
10.9852721395 7.57346886297 1
2.63180821667 6.06263040436 0
11.5526502345 12.7591489619 1
16.6873920403 14.6136697927 0
18.9875336175 4.28055072588 0
12.1159243765 15.6285483173 0
15.016185291 11.9529049597 1
0.652659435447 7.66368635281 0
2.67493114078 2.86994412046 0
19.6763403649 10.7998646795 0
6.47455668288 14.6814451809 1
11.4896319352 3.59433943221 0
17.3962015861 10.4566953883 0
14.7664167198 13.2358482385 1
14.5708838622 15.9616440506 0
16.4413602396 14.4567908312 0
17.6029890436 0.412037101059 0
4.38763287227 7.0276372102 0
17.782250382 12.4188624833 0
1.23165605584 2.81585738298 0
5.63083642374 19.7130560902 0
15.0388112755 13.7682818046 0
10.6961202221 17.3585583161 0
9.27229229623 18.6755921247 0
10.3501239908 4.75585275055 1
9.11330548659 18.7227502537 0
1.11248028645 4.02044239624 0
12.9854109419 15.2476986795 0
6.83033255465 10.793951019 1
4.58408449872 3.94880792309 0
1.47442392652 11.418773972 0
3.96076907953 8.28748550291 0
15.1466314997 3.33112680646 0
0.139028758168 18.113839124 0
16.7021260233 0.215749832782 0
19.7148235414 3.43570335126 0
16.8697243991 8.28206536068 0
5.77006781461 4.26243929322 0
10.9475036551 13.801326686 1
16.2402054782 3.98871158331 0
0.363437854614 12.3872548437 0
2.08876489165 5.19501092524 0
17.4238945231 7.34510462224 0
11.4501998706 0.879483839479 0
9.36461362935 17.117321476 0
11.1911170251 3.74322259468 0
15.2683474534 3.91412954165 0
3.78179801535 4.50299183775 0
16.7004131501 2.35276844976 0
5.959586286 15.517389668 0
9.57552774295 0.128829615477 0
0.935187186297 10.4876454485 0
11.4957710683 4.78658256828 1
6.4070837621 0.743541549989 0
19.9665052779 13.8201449413 0
2.34031684532 16.2760186755 0
10.5784855229 17.6142190399 0
12.5982077997 0.0316734696306 0
19.5819789474 15.847584422 0
9.18981567292 7.9663845598 1
14.7372027759 7.75599249163 1
8.89377334491 16.0035452318 0
1.43408475525 3.87536637647 0
13.2328611528 16.1037795765 0
10.643869508 18.1196367708 0
1.98811743817 6.90103189097 0
11.0714946714 8.23852697132 1
1.22677023864 15.8551092414 0
12.4724653618 4.7376828519 1
2.29043253559 14.3917528279 0
14.6056488516 18.6469319023 0
19.4445580655 16.9009397758 0
14.1820066001 7.31502239412 1
1.06999279245 19.1039414764 0
2.76399418852 11.6384996573 0
7.19667696025 11.7819561001 1
15.587982102 9.42946510765 1
14.136999396 3.84064585053 0
9.44816847339 7.60716383058 1
2.70658305579 11.2962969168 0
10.2379159633 8.44517227742 1
19.6644734969 16.997708833 0
19.2908384171 19.1792785056 0
12.7891093555 16.6388385522 0
13.4059373938 7.77448313703 1
9.04774649741 3.99885130476 0
11.2737374569 1.55122630517 0
7.14912543624 8.69782536947 1
14.3510754238 3.64655706963 0
10.9661946073 2.36914913956 0
10.8952660026 18.7613533916 0
14.5409904426 13.9548588022 0
2.61012479087 12.4020452415 0
12.7711404762 17.8831588667 0
19.0434733301 13.6948556519 0
18.2427825756 4.15927176755 0
16.6400999943 6.27890705343 0
10.6196350413 16.1918812035 0
13.81614467 3.49018261796 0
0.595749166327 2.56833635761 0
9.58608751033 0.975145038364 0
6.01369593354 18.7407466247 0
14.1037969124 15.6786312819 0
7.25751209298 1.89278190889 0
12.7058298416 15.2722686088 1
12.963982939 13.614249898 1
3.32511265952 17.2761035688 0
18.7884025662 12.5109213366 0
17.0554517324 11.3603956364 0
11.6975583124 7.31770508274 1
4.66779030707 5.57864147172 0
16.283720363 14.9201372084 0
12.7099187508 10.8956188771 1
1.32608521179 12.5537211422 0
11.3991652312 12.0835577709 1
17.2812507128 2.62715210141 0
2.79153932291 12.9859023598 0
9.70005460215 9.16794049283 1
2.08718797154 7.23890494175 0
15.0619730938 15.1218052754 0
7.46599577997 11.0843220359 1
17.6572442833 16.5832933045 0
16.3356796 18.5220200759 0
17.1152812834 5.01492404787 0
9.76923265759 18.4844962642 0
2.61195962278 14.7083192501 0
11.661533985 14.5709780669 1
0.945966501334 7.64048405662 0
3.02953051368 4.88522760484 0
0.988124710528 18.7611095371 0
16.562921136 1.04821802697 0
0.22790715891 0.311489280394 0
11.7323716923 17.0385841367 0
17.8475482007 19.2275765212 0
13.7878548614 7.35835313081 1
15.2333420208 6.92224216149 0
5.60273396341 0.474868874444 0
19.9547778885 19.4143176884 0
17.6320836979 6.18535539847 0
9.93668963783 7.34577056859 1
19.5498140503 1.70259326659 0
6.41998923564 3.96046302924 0
2.26308639596 14.9146090379 0
7.09194023081 14.5877221055 1
13.0646169586 0.538254707385 0
4.51875504017 3.76714276166 0
0.317710355298 8.40977757985 0
8.53289896164 19.7959800306 0
16.3637481124 7.78362210101 0
18.8265691402 0.472208232075 0
4.75150250121 4.6771963298 0
2.12198401248 16.2518145718 0
17.390194779 1.07892675429 0
7.34565304313 18.0772446003 0
8.39245190936 15.6571141261 1
12.2325147198 5.01878646281 1
4.15522745989 9.82172845628 1
2.17544732154 14.6698766342 0
5.15649437359 6.83612343935 1
15.4842773687 0.688273484393 0
6.5456466236 18.7797481039 0
15.7392134434 1.59891816377 0
16.3609009191 4.53072897993 0
13.670025927 17.8848552519 0
2.19281201635 0.102634440948 0
0.546592667812 6.03279261659 0
15.1438344767 13.0675333242 1
2.68974427714 16.2926596606 0
10.8316776047 15.1889461471 1
2.25643676086 1.4076494313 0
10.4471011187 13.1507211362 1
0.389449462359 12.7492713103 0
7.37145281144 16.9461415737 0
13.1424547063 12.560101173 1
16.7632365616 18.5769399524 0
3.1876203646 0.560758729114 0
16.317483454 12.5127289468 0
12.2264691483 1.60848699808 0
13.4888614728 18.8954093558 0
4.33963572707 12.8235537781 0
8.863111955 12.8750572075 1
0.487257273686 0.894556499718 0
17.6573347394 5.47347907272 0
6.72611678917 17.5212917451 0
6.21305681287 12.0977373042 1
12.3935546985 0.862383184802 0
10.451662077 18.1343797105 0
6.25246481605 10.4899990517 1
6.029591721 3.36376138662 0
16.462267844 12.0499257896 0
19.8142417265 9.75186398544 0
16.018700913 13.1963999443 0
13.4041810085 0.121056976424 0
5.13300388788 16.3616902462 0
1.40522589716 3.78158756063 0
16.6418306912 6.72376815093 0
15.2633115307 8.3374706513 1
8.94708388503 9.84790526883 1
14.4111126282 9.62536390215 1
10.5757970319 12.8423689668 1
19.9224707155 1.2892216088 0
4.90912478808 18.0151717445 0
16.6540328171 5.74045512834 0
18.4268120597 3.36510223572 0
