14.7532521642 10.6018979088 1
17.8361177166 10.4627190346 0
14.3926964154 17.2169266798 0
5.43888984225 6.83182844535 1
1.1642385407 4.00184235213 0
10.2860560355 3.75000820998 0
9.20845306955 5.44140971179 1
0.384898252533 4.67793647776 0
11.2708485774 15.9050637442 0
2.17385308139 9.78754129832 0
1.99885149378 12.3345818372 0
3.24428581762 2.09820986781 0
7.61238726968 8.3243165357 1
5.89049986486 3.60199696701 0
2.90392711808 3.16866252099 0
6.58558756096 2.03168446452 0
17.020507803 9.1703875555 0
16.6363067411 6.37866443717 0
12.8911613435 5.73254985156 1
15.9598998528 15.2279181462 0
7.26225507248 0.418225285264 0
19.9819535773 1.3317612912 0
5.24404946533 2.72430414431 0
17.5725669157 9.02140771827 0
8.94498338239 0.0268607995696 0
12.5272217555 1.32621379138 0
10.8323990382 19.8370865992 0
14.7565259519 5.55084677383 0
17.7071938858 13.5527288018 0
4.79306166136 8.03523412462 1
15.4508923034 2.66321791482 0
9.45045382686 14.9950790149 1
10.7156357028 0.265976369419 0
15.5932982546 9.56865829296 1
5.72939066956 9.7313735016 1
15.3473715914 10.8969623782 1
0.56408810999 2.93457306081 0
2.64405876494 13.5250880516 0
8.98099622922 6.22024912193 1
2.39184623024 0.71043523815 0
2.46020851599 17.1300713467 0
16.5137175968 1.72393786088 0
13.0697535034 15.5058346161 0
11.2111764101 17.0915674867 0
17.72781046 10.9670419745 0
8.50332163863 6.33644976603 1
4.5065216681 19.2829573606 0
10.2017127361 5.36001237273 1
3.54008323466 14.8812426915 0
6.95247913877 4.69565993269 0
14.5664288125 19.9178041212 0
11.6995676995 0.235632876032 0
19.8962451845 0.949300261398 0
15.3582130108 6.57036086976 0
14.9689612 5.4789485655 0
9.56610496316 18.9940225095 0
19.7716098079 1.96133640832 0
13.8473594785 17.9078033785 0
14.8435883066 3.00187003085 0
12.7775703573 3.79186751554 0
8.15095021796 18.8820192149 0
4.56852456932 11.5227618119 1
8.37537268816 18.1686434495 0
13.3799487824 16.6925735876 0
7.31957010058 13.271633135 1
8.01624217009 18.9211849478 0
1.27112017664 12.0520507953 0
9.36005028133 0.33885628988 0
9.26702197725 2.65307036889 0
2.44624185484 11.3658401496 0
4.77433893401 7.08668672605 1
5.41915231117 16.992816382 0
14.1322595117 14.0749246346 1
10.8051703835 8.60938148549 1
8.20238176505 11.1474416687 1
17.0275577634 7.29319563125 0
1.72379578743 5.72964906317 0
9.2308585198 18.5344726994 0
10.9648003831 11.0838455724 1
5.60899861335 0.404728282167 0
15.1511150257 11.9431991307 1
18.5992569366 14.3209072626 0
16.9830063094 9.75374703024 0
8.62787323029 9.12504934044 1
10.1726260974 15.8880286736 1
17.7979811956 8.39496749449 0
15.9924806717 7.76789967682 0
10.187797992 5.05479297301 1
13.0258165689 11.030410355 1
16.8718206226 12.527508158 0
16.1830643935 15.8817744016 0
2.1572917874 2.09924367226 0
14.6167797897 11.0666072137 1
15.0558263932 17.2107206293 0
6.55211532358 18.4711991712 0
4.67883644266 4.8383679555 0
2.90371946145 1.53325927989 0
15.9237275809 15.2153587403 0
7.2478335476 15.0797232028 1
10.8117711804 10.8501443106 1
3.9249262185 17.7011187456 0
16.5953613651 19.8031209473 0
2.38446138217 8.56346166383 0
18.8090962954 3.49125544991 0
6.95989571473 8.7623215868 1
10.9159320828 11.8492424668 1
7.4076954066 10.4510914144 1
0.239491448554 8.85385987467 0
18.1264490868 12.0868805755 0
10.0788201111 19.5302001412 0
15.8710819575 7.69671201663 0
0.0516169146805 14.2711152791 0
4.20491282127 19.8849747316 0
0.686890469222 11.8103168505 0
9.77885978464 16.2094423779 0
12.0588664964 6.2840004864 1
6.20124397474 17.8568040398 0
4.13085840057 17.8079247088 0
19.1705178696 3.59149486676 0
1.75242765346 7.99106253711 0
14.9280819965 11.2540859232 1
5.45789703706 11.4565231123 1
1.78221536985 9.03193985751 0
8.44021220103 5.41568481354 1
9.57278601051 12.9463587326 1
6.27299480864 0.899942723378 0
11.6615848311 10.7560540866 1
1.09162173351 5.90420319001 0
3.61146783313 13.6861363485 0
18.6005128649 9.61796048698 0
10.9092935976 3.78949790715 0
14.1314744775 11.3164275471 1
17.24912492 19.5334615022 0
18.6226074495 17.7491445466 0
18.9726341149 7.40095359986 0
1.74904908653 17.0131143935 0
5.17724708062 17.2615872201 0
18.9806134003 19.3854952982 0
12.7944001007 2.1419980477 0
12.4042643277 10.898503475 1
19.3940962929 19.8177350486 0
18.3117363186 14.918912205 0
11.9607629596 1.54863993598 0
19.6965464153 17.3441737211 0
4.46697125065 7.98084307663 1
10.1771796012 16.3694384739 0
9.53509036187 10.2112788734 1
5.32232525184 9.45444411788 1
12.2743693492 8.18023381536 1
8.53452086192 2.23295579384 0
16.7640409637 19.4459102845 0
9.74550632496 7.14696902813 1
12.1899639105 11.5376285955 1
8.33498020152 7.57140634228 1
9.02781113254 3.93551412381 0
16.1331698606 10.3059765213 0
7.44676943763 15.3998028255 1
12.4946163586 12.3741902041 1
1.9582608607 2.45510149023 0
11.6716185654 7.01875177161 1
7.82414407406 14.2377668227 1
3.77729934269 2.43225301517 0
18.6150449273 17.6898654397 0
9.00806317982 12.2855374038 1
14.87716537 17.4449243742 0
12.1886651429 15.9584924707 0
8.37847400612 1.31663423908 0
5.76802452011 10.0003586099 1
16.4559697269 3.96861097395 0
17.8418158544 11.0359220025 0
4.98078560595 14.4115661905 0
19.7177210075 0.917633669682 0
8.22263263565 2.98156868814 0
15.0135614638 14.9388505646 0
17.0815492518 3.23548879869 0
1.85396151625 11.7709806997 0
17.576485819 2.8946184711 0
17.8784866233 10.1627500701 0
19.5743204459 17.4574901748 0
9.72188014743 5.14840856913 1
13.1894564859 2.88624213481 0
12.3388101661 15.6941169603 0
13.821576647 12.070917396 1
0.970173949854 2.1668021981 0
1.91882579947 19.0516774582 0
3.63670927453 11.9591713179 0
19.7007553565 0.747156774047 0
19.6458734382 17.3363041895 0
10.1521010695 8.40606334013 1
13.5136177082 10.6653414013 1
8.04834176899 11.5386968185 1
1.40691037889 17.4011070469 0
8.2800969373 14.7877973494 1
2.70096435016 19.5418286555 0
10.1826909558 2.79741158467 0
4.51829541393 5.972391994 0
15.6941370487 13.3597273253 0
8.84613150455 1.67219080262 0
10.7477371116 8.62718653639 1
15.4951876398 1.01822674858 0
16.1445318194 6.16869216144 0
13.6219099209 12.867777866 1
15.5306933824 16.4147967667 0
1.08851943402 10.0258919191 0
12.5683411992 16.6147520035 0
0.77369321522 4.48099114945 0
10.770908578 5.13816946 1
1.65093448369 19.8070141332 0
4.04671459035 18.6340148545 0
10.0750347302 13.2826917304 1
2.60985280508 6.67894795063 0
10.0339752027 15.6035933122 1
16.4474805648 4.93333774041 0
0.983165606796 14.6539411469 0
5.00805628272 8.98761373231 1
19.3756140156 11.5835945483 0
8.27297334984 17.6084800148 0
15.87678145 9.89602088746 1
17.4536177902 8.82566633891 0
15.1702093828 16.5542395898 0
13.0288380174 13.7031289424 1
7.30992587814 17.474581403 0
7.4382983325 10.5485092215 1
18.4390526424 7.32518275777 0
17.6015591428 0.714658993742 0
17.9214678429 15.6799968059 0
19.9465621954 9.69751176363 0
8.39805795244 14.7346545081 1
17.5249780512 10.8606816872 0
10.9344617669 14.0585958292 1
9.08210923854 5.97481073018 1
16.4372879025 2.42043130161 0
0.485795356419 18.6645431528 0
4.6602912549 6.1089962923 0
15.9439386387 14.405938286 0
10.2370655646 1.72201488751 0
15.9157848397 10.5388654146 1
0.291376282491 13.5966994304 0
6.89145698678 6.73612920881 1
19.7953294534 1.50920682392 0
1.87667568538 8.19944886426 0
0.574289057366 14.8445506078 0
3.40018207471 4.69520216965 0
19.0777751984 15.6885892423 0
7.94351301871 0.353156724448 0
17.0870618319 19.7053401895 0
5.06512510977 7.25917596037 1
7.27942900078 6.09190624339 1
6.23654047236 16.3898225431 0
2.85408788221 19.6846628608 0
15.7538564964 18.3302358379 0
17.3181853161 5.43137029844 0
16.0741084392 13.2152252081 0
17.9466058375 14.0591205574 0
6.8108715733 14.1038512653 1
12.1224376367 12.2421651238 1
7.65371213701 6.95705501927 1
12.7570346499 11.4047678068 1
13.9900032648 15.0706453448 0
11.9980616453 14.4931016588 1
7.86314313795 8.96048069997 1
15.081784958 14.8674183101 0
17.5432379735 17.8968277157 0
12.2569444091 15.5993429318 0
14.6706783699 8.11745281861 1
1.86484635968 19.4768575283 0
1.00422733286 13.0530516762 0
1.04421945766 10.2739408278 0
12.555960379 8.33730295392 1
15.6902113905 18.3286980248 0
14.7038905302 9.88536255961 1
10.2241699935 8.53874565066 1
14.3574847507 8.40749625286 1
9.92581055622 7.60716783282 1
18.2909125981 5.65714642028 0
18.4068591559 1.82015078369 0
15.4864997081 6.07119245837 0
2.98155359249 14.2998581725 0
7.55498533805 7.58807378826 1
11.4852333945 3.02842249922 0
18.4311313562 4.24027735833 0
10.0974808075 6.65716836601 1
0.0979614761119 1.81910821575 0
14.2363594406 3.68400732529 0
2.0959821735 17.0387264676 0
12.2643451535 1.54922086705 0
1.87161718535 6.43272901642 0
7.25431774277 6.35799563581 1
3.13465816383 12.9659969041 0
6.30520185656 17.329006409 0
13.2372443312 1.31575690535 0
2.94013491022 11.9191581793 0
7.63788054941 16.8717398694 0
5.35283059856 12.4097388287 1
14.9696531197 10.0265178388 1
3.86465029563 4.46882555759 0
8.42742916644 15.1442496512 1
8.28424090071 18.1711697857 0
12.3137237008 15.8307475817 0
13.968236985 7.39471537467 1
6.6300491333 7.91130126445 1
19.1232740507 11.3873907877 0
2.55605631011 2.76298339669 0
6.12988316791 11.5649344657 1
8.04583695708 10.4457110422 1
16.1615459654 0.278242261002 0
9.64664913126 13.9843851046 1
5.5109942733 17.6853725867 0
9.89019674691 11.2756805594 1
16.1790631471 1.56310212549 0
8.60393582037 17.5888467944 0
10.5015001468 5.13619605786 1
16.5421877102 2.06985829796 0
8.48724531779 0.316683689138 0
11.446806843 8.97595842908 1
10.194185747 16.6449777066 0
9.73480210127 17.9390635744 0
10.1294131625 13.2417797098 1
16.3187370289 2.58384057261 0
19.1869369368 3.85991896084 0
15.5674982326 7.4183261991 0
13.0794144163 11.426040369 1
7.35737634189 1.13823723601 0
2.04127155137 18.0532287663 0
17.5429350045 6.4972977829 0
11.7511150509 15.7625386126 0
5.96223667028 9.99932194552 1
3.61861301479 0.783166307662 0
18.755357984 16.3452146597 0
10.2465617972 14.3942160379 1
16.2296230696 17.4115241456 0
10.9877297652 14.4436431955 1
5.27167537639 16.6575149728 0
2.02939284089 4.13519135771 0
8.10605514092 4.18520686768 0
6.27093795092 6.77440761205 1
19.2508031252 15.3157984884 0
17.6349308193 15.1990284614 0
14.9105777276 3.136956962 0
4.83278086564 19.7180260667 0
13.7487794094 0.942218349207 0
17.4439118045 4.6022649473 0
9.29734805567 12.3949024006 1
6.14188562294 6.61161774916 1
19.232056286 7.13548818496 0
3.27567692763 13.7413536013 0
12.9992817269 8.62360384548 1
0.264203667882 0.287450243277 0
1.53535117175 0.445987134922 0
11.3144854496 11.7343584503 1
0.354407783629 12.5288628607 0
17.5837850145 19.7649776174 0
7.95863684609 1.05696287106 0
7.51515011783 11.5179115085 1
16.8200485519 19.5245481724 0
10.9012526336 18.1984236946 0
6.68198792238 0.107991317503 0
6.57703632594 6.16214891626 1
9.10705310395 14.3994293724 1
2.13825820463 10.1294767065 0
9.87064859075 7.85738254819 1
1.27581403838 10.1826762062 0
11.0650182807 19.9886289891 0
15.1959213466 4.96615059737 0
2.91781993187 1.8039579656 0
11.5052042153 17.4133821917 0
18.7670783001 2.66006985117 0
12.708835374 11.137117498 1
9.8612147433 7.88443999735 1
3.27327303048 15.4438879595 0
0.394772552934 13.7150334592 0
8.04103084959 18.3080964026 0
7.29931471538 6.32617663815 1
19.913881454 5.72659461893 0
9.18025999191 5.19433708543 1
5.69821327769 19.9991801356 0
17.0479718325 18.8868623939 0
9.91452155558 4.59345742756 1
3.99872549812 4.5794574858 0
3.53986743932 19.1072397787 0
6.83638000373 1.59440968221 0
7.03755790735 19.1423652409 0
8.62925541159 6.91066646328 1
11.2387028287 12.8307719235 1
2.60205105626 3.02570799803 0
9.60785357326 3.74474342103 0
19.3655272082 13.7691271779 0
18.3048395437 18.9687387641 0
3.0426784676 16.7155984944 0
14.4176553454 3.79694794095 0
8.96751054296 13.5123070321 1
10.8470487747 13.2552651399 1
17.1843485236 10.8423929689 0
18.2258748431 10.096765714 0
15.4961960275 11.8694611785 1
18.3075487686 9.17448515055 0
8.25118667995 10.7986133144 1
16.5365712562 4.85887740525 0
2.1205858644 9.48147437025 0
1.98672519967 19.2982961323 0
18.7418343006 15.6893743851 0
16.6469845896 13.2810873354 0
8.69148740422 19.0984571136 0
19.0194758806 5.8546844502 0
0.077936463457 15.382837798 0
12.0776005533 17.1535039416 0
17.2250735668 6.32501003878 0
13.1663436292 13.2364340091 1
9.2673585841 4.0208729457 0
18.4946129225 4.20955006375 0
8.00653565389 6.90827498706 1
9.74269299286 1.47221890193 0
7.14395049662 6.39795063055 1
18.5020774207 10.8408222623 0
5.97678793371 0.493758467566 0
1.49294639065 18.9531729411 0
12.6498573102 11.2164409122 1
13.0285834333 4.36186090788 0
5.10587049914 5.73812994727 0
15.7326876956 13.2079959852 0
6.18756926543 8.26871936913 1
2.03039383416 8.49417410076 0
12.7665797462 3.31028891468 0
3.31354934533 16.2917285356 0
6.63797571526 19.4388251536 0
12.3739261712 8.119387441 1
0.228068265486 4.05061499866 0
19.9209129696 13.7515988575 0
2.41294200158 5.44932765094 0
7.79830155379 4.21809927779 0
16.2390136941 12.9720374959 0
18.3999421919 16.5310564379 0
12.2372042566 16.726092001 0
13.0706695063 4.68592388596 0
16.4550024959 16.0472185955 0
0.46208315532 19.1993134265 0
12.7910640084 14.0619428205 1
4.65288215526 16.7405146365 0
5.36393412483 8.50506469146 1
5.29967819074 1.13374827946 0
16.7672800268 19.9727841547 0
15.1300690197 3.15859802946 0
7.25350375084 9.84584314213 1
18.0408801967 13.163392476 0
17.7605586673 5.31542196591 0
11.8555279097 6.72119748057 1
1.16367747399 12.1544161798 0
19.3941205651 14.6478028028 0
1.28531542851 7.70033425336 0
6.74262393764 19.2661072503 0
16.5356933537 4.23342123351 0
13.5517601244 9.74020548854 1
1.51741816132 11.5904301774 0
2.97988848916 19.6631972086 0
4.89365461845 6.1782708377 0
9.88338586178 16.4307112773 0
1.71158347437 16.3004740689 0
3.62013549951 13.1962472756 0
6.88211300151 10.6778785068 1
18.0481427111 19.3391124928 0
14.8023324251 18.9131639778 0
1.9970791399 9.62641106942 0
7.08599762961 8.00949034169 1
3.07381116674 12.3523377803 0
11.833153291 19.6549254099 0
8.82435182247 16.7525350276 0
10.0685056598 19.4262916212 0
18.7988342226 0.888207034585 0
0.628943407845 1.65939716342 0
2.47989102568 17.3991590119 0
2.34281180673 18.2611808503 0
9.65833782629 4.64376096964 1
6.30447368341 19.4953472777 0
17.7563548443 13.2828149188 0
15.8576806333 6.79013570709 0
15.3857461231 19.6467040161 0
15.4792157431 14.0767258468 0
11.9211605467 13.8896224852 1
15.0252682535 3.9690464402 0
13.9738316044 8.63477180689 1
12.4645684268 0.448913568115 0
10.0284318268 0.756805186192 0
8.9125219318 7.37841524548 1
19.8589137955 9.24514049355 0
8.87804128452 13.2004335814 1
3.88523217063 4.81904064469 0
14.8610383549 1.54967783209 0
4.85830302835 16.6464646089 0
14.7730653371 17.7977910917 0
11.8828784587 15.5169759503 1
19.8977065139 3.78237684276 0
5.76586189223 0.493344690858 0
17.3242617822 11.5606323445 0
1.99497847093 19.9255852831 0
13.8975123391 0.741694593505 0
12.2354523521 3.33835940067 0
1.51076589529 11.678721506 0
11.1627628849 9.93245022708 1
10.1250635719 11.8970100813 1
7.51759298759 18.688115158 0
