5.34686263099 8.91521997423 1
11.4985211367 6.50903218581 1
1.32225425342 10.4005703136 0
18.0369870209 0.814807243882 0
11.7105480242 2.97938809459 0
7.62300991126 1.38138532954 0
5.3602571669 2.72581199579 0
15.2591690373 15.3014216475 0
18.216824447 15.0898866546 0
12.5590039048 12.3754399806 1
11.9328640111 8.50190946229 1
8.0253064531 2.34716055744 0
9.178278802 0.625227172608 0
15.4543675177 16.3560722468 0
12.9854756452 2.57525023106 0
6.17338062514 8.23592999453 1
19.5556454126 1.5264016606 0
17.1331905157 15.6064917428 0
10.010316917 15.0946593012 1
4.12051468715 14.9359619227 0
18.7612231709 12.4304205736 0
18.2416997362 3.82128205695 0
2.71491544674 2.8351991248 0
14.8697296312 0.879737331998 0
19.7722521143 19.1314295003 0
4.1280630068 8.05814211177 0
7.45105519963 17.4128086001 0
10.285207727 0.280295653219 0
7.32921118042 4.74693861117 1
2.04324590034 10.4389844798 0
0.918733540057 8.6192030301 0
14.8170545471 5.22774034914 0
9.14999370714 8.05817157435 1
3.9153830637 15.7576500161 0
5.31786803211 3.82878496899 0
3.30158544735 3.27825560716 0
12.4306358305 5.68354777341 1
13.2291841512 1.55828060116 0
12.2140372336 19.3535643336 0
3.0310904778 17.5756667702 0
17.846888269 1.311873701 0
4.78371340901 2.90253492697 0
1.15185552918 13.0873745894 0
9.73511693677 19.6922541111 0
13.4846299362 7.31285775301 1
14.6419747453 11.7756177269 1
15.4510174295 19.7830376895 0
16.1428099919 0.212646672128 0
6.34314343239 11.7893238248 1
9.32839446869 18.806036467 0
10.628413763 12.9598359882 1
17.2005530442 10.1910081879 0
4.4293390032 4.40623181164 0
7.48621815892 17.7181797501 0
1.90665485799 19.2201231722 0
7.29867972647 11.0397131389 1
18.5994921198 4.10725936295 0
7.32286815398 9.34307291001 1
3.40816868356 12.3042193502 0
3.3037724099 15.0803177088 0
3.06046390746 14.6435304857 0
19.6296549565 12.6382593325 0
15.4602781496 9.7364538939 1
9.80106358394 3.33641886668 0
9.35126677759 16.6529716415 0
12.0383411651 17.5158444459 0
19.5851862898 4.21143867041 0
14.5760578734 0.380608372043 0
15.2615351477 16.4229936717 0
11.7198077201 13.5434594743 1
10.760772959 4.70792217729 1
0.142220561651 12.9167033363 0
12.7442749304 0.859472627346 0
19.4960459468 10.3995021131 0
6.06221112409 5.87442448683 1
12.1146697293 13.0572417213 1
3.7427192943 0.224253537135 0
8.00059864759 19.1533595977 0
8.12541608368 18.3792586405 0
15.869447016 9.29129377136 1
2.37586342164 19.875217329 0
13.6995347963 3.6951405688 0
18.9044409881 14.0686337255 0
1.40580320831 10.1239308562 0
2.10408330553 14.2690340388 0
14.1343620372 17.0748516414 0
7.02987036014 0.675836217328 0
6.77556452018 8.76387072973 1
12.7474765355 1.89312478426 0
13.1757090484 12.0512246523 1
9.75491753638 8.01333932686 1
16.3995328359 14.4688380325 0
16.1649299047 17.9482654508 0
6.45298459442 15.7242710874 0
0.86893875117 11.4512075571 0
8.64975953148 2.73725564996 0
13.3125918062 18.563016853 0
9.91413223913 16.3834184684 0
19.9651286519 15.6629801726 0
15.9085464808 12.8689615564 0
1.43621098041 1.17601246004 0
5.93217032626 3.70450196724 0
19.9907686009 6.25261148712 0
7.43176201799 2.19966537128 0
13.9231972702 19.5432587058 0
2.73911703516 14.6685611908 0
1.46661524235 11.1711139552 0
2.5727491371 7.00860341759 0
18.5968373363 7.68938732375 0
3.3262231564 15.4126108235 0
18.9625504587 12.4465067403 0
10.2631222983 17.7119446778 0
15.6415978884 15.9571005318 0
13.7712529811 3.61726163574 0
19.4679784184 0.372588100388 0
4.95852889313 18.1223565962 0
6.55693710825 9.8677532761 1
15.1595047055 18.2136645839 0
5.27518006299 6.12324336132 0
11.8480038482 6.52762226315 1
16.0248120322 7.75375485155 0
7.61435936246 5.87579238616 1
1.96733156348 1.71053624812 0
0.334432197679 17.0433384056 0
13.201404442 19.5891533678 0
19.1767537856 19.797922411 0
12.8372564027 12.6561552433 1
13.7149835377 11.7484029783 1
2.15129245153 12.5836223326 0
1.91392565045 10.2519045811 0
19.692523228 14.6487272781 0
4.38417756116 5.18935756867 0
6.32096449132 2.56375340884 0
4.88458023847 10.3498069495 1
13.0685947726 17.7630532208 0
11.3111667859 9.39791095474 1
0.241675182045 15.4112932597 0
12.5890016619 13.3990604838 1
5.15867612182 11.7993865835 1
16.373961492 4.20043372291 0
14.9115102063 14.4410890288 0
1.55609106305 9.31524647684 0
12.4067826112 3.01533904272 0
9.4810439807 3.79858509722 0
14.258254253 7.81821582797 1
6.55157377509 4.96282344445 0
19.8148633411 13.7927540534 0
15.9269350946 0.654037458613 0
4.40714653593 0.192910956156 0
4.71404405378 5.45641562334 0
14.2602835934 16.9804744469 0
6.85901148879 0.31631749254 0
4.75389224667 18.940141629 0
2.62720557207 3.90309389983 0
12.6182798569 5.52188304051 1
5.35721202662 14.1718689649 0
15.1799470532 8.7804725827 1
11.2980347855 16.1555536948 0
0.019269827605 5.91265854139 0
14.8675027036 15.0730738182 0
15.8156505726 12.8695628744 0
7.38560635368 9.61320062077 1
0.418506999872 6.30740561635 0
11.9559424719 3.63155492273 0
10.12231701 16.8214513304 0
10.1217291847 12.6010076437 1
11.9460328416 18.4555800285 0
6.95787798121 15.6216218803 0
1.65473315934 14.463024447 0
5.16823648589 2.88314148889 0
4.91234189224 2.09176121597 0
0.289866613803 13.5546849451 0
17.5012219938 9.0329973394 0
1.7159179501 6.76536550058 0
16.4332833504 3.67121212642 0
12.4221821576 2.83315723674 0
4.35678381794 6.22792785322 0
19.7646700364 17.2164322453 0
18.482566155 7.48796998618 0
0.731491254153 17.2627336609 0
1.71968746507 9.99465924886 0
6.29549359456 8.2954096725 1
14.2703955255 19.6973256351 0
13.2388207673 16.8305973472 0
6.14371694485 0.894823491876 0
15.8500662076 15.8871081628 0
0.446928853646 0.562513654871 0
5.23189395236 15.5258278174 0
6.43984455936 18.9318006746 0
12.0885036245 8.18959476247 1
12.710766728 0.60003293114 0
9.44601235776 4.51607599785 1
3.85883705294 6.14446027186 0
10.6751156435 4.13061748137 1
16.1861082873 8.50112639599 0
16.1788829256 17.6880880005 0
13.6967862479 4.94863734999 0
0.591891053303 8.45138740467 0
10.3565586997 0.56743595559 0
8.83289265629 6.23444142914 1
13.483871097 19.0587621088 0
5.26594843275 12.2293600476 1
16.1059322908 4.41928236079 0
18.0733131867 12.5368477541 0
1.18296128344 8.669478864 0
16.5039684866 18.0672457527 0
18.6912855091 12.6981010536 0
14.2003673171 15.8691534494 0
17.4273140737 1.70797475213 0
8.73933626094 7.27040602896 1
11.4087151603 9.24028406472 1
18.635739497 13.8990836922 0
4.31089507106 0.853233129452 0
15.2763483526 9.74890483214 1
4.70792472404 12.380845114 1
0.35534310516 8.30639713272 0
9.00000468666 8.23300278406 1
11.2673559549 7.25262401101 1
11.491576293 8.23173933353 1
14.5385606015 14.6601583736 0
6.29621231621 8.38162002112 1
4.46020530609 6.28583007485 0
0.46773331359 4.25500002139 0
1.13652523468 12.5347947977 0
12.9028216844 2.07656179882 0
18.7665384556 18.0025573538 0
18.8973234183 17.5958845112 0
18.4355359699 4.61448657715 0
17.2836315099 10.2508868995 0
6.43889162556 5.84297932342 1
16.2534259209 18.0309078581 0
14.4302031268 19.1041653238 0
16.8637209058 13.6796725723 0
5.15725572369 6.42894033366 0
7.4514038753 9.64281928182 1
11.3745299806 10.4653967957 1
0.36696364935 4.27376151522 0
14.984080442 15.4541223568 0
19.6765036422 1.6549288455 0
19.7049891834 8.47761738467 0
14.7316889791 2.23164356335 0
13.4178865156 12.0357906758 1
7.80664513078 2.78316586821 0
14.6611054726 6.00701489819 0
9.21969095811 4.98812038807 1
3.40045521906 13.7127060503 0
0.995923181611 16.3788991939 0
19.8881025069 17.3151033006 0
18.8173941918 8.49361207724 0
14.617043365 1.15826650419 0
6.65485096304 8.98484426853 1
19.5564103953 6.78112670294 0
3.06574288449 8.7523031443 0
18.7580554459 13.4829914982 0
11.8991665607 7.51120087148 1
3.97887968518 19.4083401825 0
17.4321028843 17.1983598687 0
11.8946363023 14.7156701286 1
18.1018529318 0.882294964642 0
17.1276936531 17.1266129718 0
8.7484050734 17.6083390081 0
18.3499597827 9.19564411826 0
15.6311661039 9.31652892385 1
19.6850115047 5.70104729633 0
15.9158980397 14.8132571893 0
14.4774101507 6.05677648418 1
4.15399254725 17.6240442341 0
10.3291486392 1.57695840172 0
8.06654033908 7.47453079422 1
19.3036585904 11.6990343167 0
10.7471432695 18.0095133179 0
10.8910731521 5.69488890765 1
5.84759014453 16.779967209 0
7.09790569067 6.41187412581 1
19.8800150384 15.7497259325 0
16.6645922678 16.1328492176 0
14.4952384818 2.4787133539 0
7.808621563 14.5088024682 1
12.1862812857 2.5367754121 0
17.1131348554 9.53774895511 0
8.82371458198 5.34162339814 1
10.0664172104 4.5342978093 1
0.900708662004 18.6463319524 0
12.5250490212 4.38214476657 0
9.41366248081 14.1754707101 1
16.0251589365 16.8368434004 0
5.75307227324 9.71521509897 1
7.40001243169 19.8195849254 0
13.2756293441 19.3643747194 0
16.689515494 16.9379277569 0
6.74366390139 15.8342316961 0
18.7818306028 2.00566747238 0
11.9886883574 14.9557710266 1
17.9716959072 4.09449242977 0
16.3291193293 15.1953709992 0
16.3713341491 2.24376117411 0
15.6418840986 4.11885058628 0
8.70791044782 17.4866895051 0
9.75467097199 9.40285300518 1
4.26195294584 14.3654098849 0
18.0343883419 6.34047490754 0
0.530582901546 13.9956592552 0
9.96496551868 2.032116689 0
17.4337602816 2.18459219814 0
14.1922111023 2.6844395467 0
18.6115566876 17.2818633916 0
18.9635265664 19.8729056234 0
1.9208883287 1.75695127425 0
0.921879349353 13.3024413627 0
19.0586339754 10.8091678362 0
10.6985133745 6.90287843107 1
4.15293324829 18.4006963258 0
17.722080977 14.0852958758 0
19.1283504649 9.11222081921 0
7.46506289862 7.00457713016 1
4.32464573001 12.6556909712 0
7.09110494674 11.4957264512 1
7.44437115493 15.1427367511 1
19.1180899692 6.08262276423 0
7.75560956633 17.7502087568 0
2.00727082664 12.6439216827 0
16.9956019814 1.93187168579 0
3.55460316595 0.880902812936 0
6.35618701691 6.25602562886 1
3.51347127927 1.19425801852 0
5.21737410634 1.59149277866 0
13.4461408495 19.2883958346 0
2.20241816612 9.03390870574 0
19.881124744 11.3705533407 0
17.569285481 14.4576768018 0
0.222923563461 14.8509343655 0
15.2823199425 9.01833479732 1
6.9610171095 5.50408039952 1
2.67720526037 3.17265316167 0
18.2877709641 18.6957692641 0
6.76400070784 1.75216851124 0
3.14230962751 9.69269160465 0
5.68093214231 1.18741136372 0
5.07283364757 7.07434902851 1
0.983575234301 5.92516432069 0
4.88279922971 8.57990595351 1
18.752242182 16.9624108605 0
11.8467269145 19.3611839553 0
16.2151831295 17.5746354567 0
17.2290651758 12.1196188018 0
11.8111978674 18.2935163855 0
0.125316950852 11.1259057604 0
0.28231878247 17.9956251611 0
12.8876835622 6.71025971413 1
14.9753181644 1.96419441112 0
1.23616212813 7.8234828962 0
16.2540922498 12.4420234851 0
16.7891973462 2.6734594337 0
6.99950487801 3.71032274763 0
6.18606781829 10.8421199256 1
9.93115319398 17.4235315698 0
4.86649944231 4.23058578652 0
6.95766305733 8.9198722896 1
9.86345242418 9.36145844187 1
11.8521547102 19.8604918569 0
6.75271618852 8.49034658282 1
18.4330802962 16.3931407061 0
10.2111184631 16.1100923124 0
11.0816132901 0.437556166392 0
9.96164366103 8.49568400674 1
19.1368641051 15.2008279258 0
14.3745815125 19.6621602526 0
11.6738050581 7.0992156618 1
9.03858162698 19.7551383549 0
11.8375811074 8.65083456735 1
3.88648478763 0.663987914653 0
4.41061244379 13.1539476704 0
13.2808241204 4.64324129177 0
1.21417111261 11.9294611586 0
0.243423408408 8.79138335633 0
5.29766386386 3.8824739899 0
19.7538010708 9.65591405543 0
6.72816593767 4.17770127974 0
1.32328947988 17.4214110669 0
3.932206332 11.3802659264 0
18.5104675774 14.361192957 0
10.8230875514 4.20967163601 1
3.21897204033 16.9177096223 0
19.4814011111 7.1601331317 0
4.10290982665 18.0404437015 0
14.2836505437 7.5730371051 1
16.6941447807 16.2072129149 0
11.092724687 2.79842905546 0
18.2083448101 5.78367601345 0
12.5409540548 1.49798976482 0
7.72366747415 1.86099027197 0
19.1855757314 10.0992054841 0
17.3404344218 17.8944237592 0
15.6285668205 16.5359363521 0
6.62160882431 7.59352611061 1
0.427779374977 9.44728480558 0
6.18836330715 14.665931377 0
19.6443856152 0.227852583344 0
10.1355869922 0.615466416062 0
14.2853431256 8.09891416296 1
1.98144328028 1.99618172304 0
15.2358482227 1.18944122545 0
9.95781208384 15.2639188454 1
17.6012158544 15.3792184571 0
10.001261555 4.43000674811 1
10.7915638905 12.7859861348 1
11.3332435557 9.7297415689 1
8.68593608809 7.9666486183 1
1.61997684766 19.2854136094 0
2.67740607548 13.9735306143 0
6.00804557541 19.5591688103 0
14.6506973511 8.90842365039 1
12.9344994766 11.5923392751 1
1.04683784866 18.9380572053 0
14.4687406827 1.18966849161 0
0.394478834313 18.9659001896 0
6.68079283601 6.85658661683 1
14.3981890739 10.8745967411 1
18.3923687401 7.88671242466 0
10.0829460218 16.0332220694 0
6.19227929179 8.27264606439 1
8.43192741701 4.28077897404 1
12.7227176256 15.5030196361 0
10.2411959546 10.6932725981 1
19.0070096669 12.0411905645 0
13.0477569112 10.6815678299 1
8.62097111123 6.19933220359 1
17.7712383653 8.15740037968 0
6.0839040917 7.6166539267 1
7.92281436073 9.85573006482 1
6.73842865971 15.3205675635 0
12.9749673528 2.74330484635 0
16.9435476703 5.30150476519 0
0.752481005984 7.57320401681 0
11.2115523005 18.2918643215 0
3.99608722738 10.9301780028 0
5.66229355657 9.44060874991 1
18.2675633888 14.1188304624 0
15.0525176822 0.427476200105 0
3.48955967105 2.52042898298 0
19.244433256 6.21981967936 0
15.8168722167 14.2165913371 0
10.5756255837 12.9369418558 1
2.85791890719 16.2132832895 0
3.12210523851 18.0568565275 0
17.1969437603 17.2776780365 0
4.76087039652 10.3361083548 1
13.7235630132 10.9523458374 1
6.10817149722 8.40574346565 1
13.168915287 8.73767725446 1
8.92876852348 15.9071780083 0
14.129399091 0.29021828229 0
8.83020375027 4.13347567943 1
9.83590236018 15.8185342209 1
2.67100473441 2.88885641794 0
6.96313643994 12.6268290007 1
7.17596782549 0.989173741963 0
5.24534274817 17.7779349191 0
16.4000727784 18.6410981412 0
7.75996286731 10.2195149009 1
7.99399496762 5.81900148922 1
14.3870520237 19.3497661091 0
14.801298607 15.534432485 0
14.4534486042 19.4179330014 0
18.0237157358 7.85948047071 0
4.78366580109 0.327178620119 0
11.6363583342 6.38093295511 1
16.3955288912 4.71892139652 0
18.3469450525 16.5242123438 0
3.72251980642 18.2939574563 0
4.83358771308 17.7089866515 0
0.993110411428 3.8169711652 0
11.2710442532 9.09838560705 1
3.9155954354 17.9806428211 0
2.90669942761 0.283257095223 0
6.00435034424 11.4602579505 1
2.76400141238 0.857282781375 0
2.54011011155 12.7125650132 0
11.0846916022 14.8145394722 1
2.59544883644 8.76497556709 0
1.4000252956 12.5129645584 0
9.62162043972 19.4407071165 0
14.2115660433 9.88872921659 1
6.7932683204 17.2152110679 0
17.886319342 15.5101726189 0
9.55025455508 12.1370677655 1
2.56104038069 14.0422550257 0
19.1283748051 15.0326769204 0
14.1925112691 0.791569177381 0
6.72474601744 3.78542498299 0
0.102185919388 12.9293969848 0
15.9184652835 11.0351905405 0
19.7764442813 5.55481809146 0
12.8198602763 4.72447633892 1
5.19583042917 10.3042995324 1
2.35044875621 13.9274517328 0
18.0347861701 5.89503466395 0
2.84749752915 19.7262012225 0
11.6830146076 5.73325773664 1
2.51971707731 3.84854189709 0
10.7937395256 7.68775099863 1
18.5335437957 15.7527898556 0
19.4265322566 18.0621554155 0
3.40318217226 3.01110621468 0
7.58560898346 9.72766886676 1
3.5264505015 0.34313748697 0
9.00050264099 19.3980688111 0
4.3604541715 0.668906298687 0
1.1671621232 12.6543344899 0
2.95111810894 2.01799204449 0
3.57282449343 0.173918702554 0
17.677472895 6.21905474821 0
16.9554374319 10.0969472594 0
0.653719930077 4.05485818831 0
1.42891666839 2.51620033302 0
2.23783231884 4.71538329657 0
2.80021019743 13.2996253824 0
2.97220953951 13.1212024638 0
15.5638284537 3.78304561905 0
18.6423652125 2.83051622619 0
18.5754181549 17.8722006402 0
12.5868391903 10.0349881991 1
4.13573013746 11.6376666407 0
9.05324861404 5.14666181533 1
7.10897541235 14.9820901186 1
14.6326195573 10.0368426029 1
1.85610875035 19.7209097784 0
7.20909339923 10.0249877727 1
16.8859181326 4.43927738479 0
13.1327574728 2.23477931015 0
14.4537938736 9.63751376029 1
7.02289107484 0.900018480714 0
15.786170973 15.2882760427 0
16.0638845393 14.9243226974 0
6.70936407396 2.57404902605 0
18.2540115685 10.0904549453 0
10.1042398977 3.48493051623 0
15.7753755507 12.6329273613 0
16.9318684666 14.5637760863 0
12.8978653623 0.490006724675 0
18.3389389869 12.4560410958 0
8.6730153415 12.6197109246 1
10.8658043261 8.90145921901 1
3.11756323864 7.60029009528 0
6.10142952892 14.8185741195 0
13.4872401922 10.2413158448 1
9.49006757526 11.1856275984 1
5.13689350128 5.47840216026 0
14.7153506548 6.2556819839 0
19.8654196404 10.9712786879 0
3.69737994545 11.0764712663 0
1.92053297308 0.594124299339 0
4.1000044777 7.28125232721 0
14.3669875443 14.7238510303 0
15.4463512325 7.48404955174 1
18.3822141278 6.45866747731 0
7.3780543176 6.39777628101 1
7.43796882281 10.8053459108 1
19.7069278573 14.1293913366 0
7.65284894878 19.1870749954 0
14.2555899671 2.32398590939 0
1.82634963194 12.7397167963 0
13.9735802851 1.14900688339 0
14.0767293893 16.7543805153 0
2.74135946142 7.40844986047 0
19.5396670614 12.166959975 0
12.612771907 8.73565237342 1
5.46578980885 5.45476651434 0
15.8054785117 6.53887043299 0
14.7909765343 17.4027322301 0
11.9672392584 13.1807909633 1
10.1484609718 10.5518142477 1
5.85093609615 9.1422297857 1
16.0369304604 7.49166033566 0
1.10523364505 14.8611647015 0
1.27333403902 7.78573013909 0
17.6802809632 3.24082572589 0
2.41363335194 9.29925191449 0
11.0310614557 12.2226841443 1
15.5717436753 5.22839254626 0
11.7579709777 11.0110064808 1
16.4028263748 8.41384102278 0
9.88519738858 18.0365490413 0
16.2310713883 0.549609160472 0
9.13538835095 12.1354171668 1
15.6353847953 10.2307945923 1
3.03495343743 7.88861720429 0
3.3181277327 12.0571776713 0
4.6772556882 16.6976766041 0
4.25286163419 8.34742087063 1
9.03199989711 7.7062684574 1
0.886054691994 2.34910411237 0
14.3340564288 4.37635081842 0
18.6608234735 4.93914246457 0
7.12344338339 18.8203606456 0
7.9100554026 9.19454357479 1
17.0607350756 15.8818193982 0
13.9268972285 17.9567025157 0
15.2120430645 18.0094625543 0
12.5956016912 5.6655075289 1
9.64784636236 2.42620966347 0
10.9528604984 6.52559572218 1
6.34488841049 18.9359482615 0
4.91267857692 18.8883226279 0
14.5994915586 18.7731985556 0
15.5022306096 8.45795644986 1
7.89790480783 8.64388530693 1
18.1694926129 2.34098717732 0
9.83595799241 2.03259863407 0
18.1069103334 15.219479538 0
16.0095603584 4.85031266436 0
14.2142352895 12.8408691289 1
9.90661535641 7.5116537977 1
17.704897871 3.90100567668 0
19.0335550933 14.0249866956 0
19.106881819 16.7205242672 0
12.3006458356 19.9085626795 0
7.16402671506 11.9983880589 1
5.4828134657 12.0839181572 1
13.6596754064 3.83315799103 0
7.52141421985 8.30011954161 1
7.72087911674 0.759479392484 0
2.71324801221 16.5771702289 0
13.9894723733 8.07430148659 1
13.8522276645 18.3921746564 0
6.57141541121 19.5845030282 0
14.8282778712 9.55383209448 1
16.2247063461 6.53482933961 0
11.8321836487 2.15126649215 0
16.9606246327 4.80335562997 0
5.38413530638 8.05564826052 1
17.4090407157 2.81765032843 0
1.46994159283 5.9529836016 0
2.44327453368 15.6196955356 0
19.6076557882 11.1731428372 0
3.60763406976 18.2842010852 0
19.7196446481 7.47906934262 0
0.986265480965 15.6239517128 0
19.3174308402 12.8586874463 0
6.9997414473 2.09329923354 0
1.88577906241 8.77282012915 0
12.5984363151 5.7716878901 1
9.20796017056 10.7615657442 1
2.72380921356 0.210640543203 0
8.01882089238 18.9177799481 0
19.0372026621 17.9394500311 0
8.76317933362 5.28696899029 1
6.36483267539 8.26569174047 1
14.4616753752 8.04558721094 1
15.0317638559 6.85074536149 1
4.81047111306 1.39185379026 0
18.3626330025 18.0714083823 0
8.1442550755 0.924005018855 0
13.8308952403 1.20978156271 0
0.864409178642 3.90435017515 0
7.3747470084 19.3210611832 0
2.93883492581 7.27397382846 0
18.4202873244 2.77528634301 0
13.6939249309 19.3509464858 0
0.021987132549 14.3432541601 0
8.71304237848 1.81268803794 0
4.37514099327 18.611726995 0
10.2466678596 17.2278055961 0
14.4853963962 9.00509646221 1
18.6679753593 8.18101552279 0
13.8996284487 18.4701166004 0
10.4233102164 14.7697230296 1
14.2093708011 18.5414863526 0
19.2613125603 17.3547817877 0
7.75145849005 19.4846778403 0
11.5099792015 9.05437536303 1
7.46062458384 8.87866550068 1
12.7259770946 19.7063637058 0
11.327807677 18.4712256906 0
16.0730413456 16.8186099774 0
14.7003802367 10.4052441248 1
19.5118096986 19.4759685477 0
16.3246368949 11.2891927619 0
9.71759943648 13.0872795781 1
13.2095623828 11.2728073734 1
10.0970249313 2.38361186914 0
11.3986570406 4.30748055526 1
7.5056082974 10.8234391038 1
10.4205229771 1.12171204393 0
0.185479648541 11.4951637745 0
15.261510133 13.808010977 0
2.10371824568 2.60359638122 0
13.6521158427 3.67765334462 0
13.0447565044 4.42260786519 0
5.64485550656 5.06943481879 0
19.0632503585 8.13086802746 0
9.54718478666 5.19445238465 1
2.43203348928 19.8844742609 0
8.71319335216 19.622035634 0
18.8426937093 13.2600898652 0
13.8202260961 1.00540583292 0
2.47730683177 5.17957608493 0
10.3610339661 10.2741214844 1
6.41703677836 16.854987326 0
9.03467725903 3.46615940645 0
17.6028407181 0.151774341829 0
18.4035657947 10.1743172638 0
19.1894266001 12.022840403 0
7.94169012691 12.3191524289 1
4.74837032115 9.02660211079 1
16.2617845273 14.5323135471 0
11.7428642809 19.164877982 0
15.4487636227 0.289774271973 0
11.4311275697 9.81423941308 1
5.49586847626 0.419371928308 0
4.27539586744 12.2579938844 0
0.608698053329 0.893413289459 0
12.3316013472 3.32398529534 0
4.37785253945 1.92525381455 0
11.6467737987 15.9493161795 0
13.4624085233 16.5995191723 0
15.4471663851 16.8780606349 0
18.1849785239 19.1039838555 0
7.02331535528 11.3375028879 1
14.1999555875 18.9150836611 0
9.94660817296 16.5915143336 0
4.2279691274 4.86494201691 0
2.86467557672 1.01952592705 0
5.29046366896 4.70443368783 0
15.4604479122 7.87723085519 1
2.94192169767 7.22312232136 0
16.9909787416 1.60650564587 0
9.39629973909 4.74438011069 1
6.63254947148 19.7132351383 0
19.4612568665 8.48125726722 0
8.8656888353 16.1587635869 0
19.7617895785 19.2124411264 0
5.75815994512 7.64176219796 1
0.0621444254465 7.1511170399 0
10.1953885921 16.1457526225 0
1.13182482453 11.6214659836 0
4.79524891352 3.82298975177 0
0.455643382248 1.71806624118 0
14.364867676 13.6618581706 1
17.7542527234 1.99503425926 0
16.0828492181 1.37974620085 0
9.35257440163 13.4125205144 1
15.3577868081 17.4645389171 0
9.33539661729 6.91943683922 1
13.0841744032 16.3704277824 0
13.4956964272 14.9262554919 0
9.29422916124 6.53444162934 1
11.507737751 5.20774184266 1
13.1504361498 5.18688537094 1
0.325541686715 18.5594219391 0
14.9304730467 9.66092113889 1
4.50732820597 10.8326210962 1
13.7349187401 4.51819855837 0
15.4919758068 5.71749463356 0
2.91656119094 2.53847711245 0
2.35613867888 15.7006028299 0
6.49357515314 9.30530093018 1
6.55172542164 12.9252527024 1
6.13857585242 17.5193821688 0
17.6820473055 10.29435133 0
19.5320416324 0.670513479146 0
16.091250971 11.803492536 0
15.3586958767 5.99700725037 0
18.4194956614 6.8722649563 0
1.73900709566 19.2098683668 0
16.085172447 10.3273721025 0
3.21322765671 8.49406723773 0
5.30853987894 19.0923670071 0
7.25627582018 6.83233582343 1
10.8997812235 15.1807910138 1
11.0103327998 15.6698546761 1
3.93884040778 19.8827173125 0
4.34096194777 11.7448394637 1
9.44217397764 12.8851801056 1
17.595507471 14.692396245 0
19.7073467992 0.515711692621 0
16.8190598684 17.7451737942 0
0.874235366773 9.23975996109 0
14.6473421449 16.3196947579 0
1.69248158283 19.7858745666 0
15.2714751452 17.1816665499 0
8.20645829522 8.57657950271 1
14.4873200553 1.53043173944 0
10.4213441971 7.34389618312 1
18.2941161609 11.3865556798 0
19.944717619 19.3226076869 0
8.89678248912 1.76750822618 0
1.08439734946 12.6054291858 0
5.85916234729 16.4756439203 0
2.00543141627 4.50583295735 0
0.942509572226 6.30045713946 0
15.7917706127 5.82100812052 0
12.4265001915 17.9179596368 0
2.14090923032 1.96231412167 0
2.6479374801 10.3071115643 0
6.40922380375 6.97015505346 1
19.6032269632 11.6965986822 0
4.87833327967 15.7192611861 0
14.9432055318 19.8193434516 0
13.0262923639 17.0294971914 0
2.06491435694 18.5528254385 0
10.4267435102 19.7953456507 0
6.1739609822 3.1870183686 0
14.3167746657 5.5529252997 0
13.1421678823 5.1058054695 1
8.2305530257 19.3969993073 0
5.16139855224 10.9602120077 1
16.9513599519 0.447494012146 0
14.4886860081 15.9397083202 0
0.908410278993 10.1766740351 0
14.7906118736 6.05243285651 0
19.5333411239 17.5918637839 0
4.45192492266 17.4729521955 0
17.7867549852 2.04970522329 0
2.271287527 11.5315714267 0
0.0801652134701 17.6210394851 0
13.5316060112 18.3918588316 0
1.50263113804 18.4561121526 0
1.50954429904 17.1222026484 0
8.47904941864 6.65507742432 1
16.9839523384 8.61104061969 0
3.2844200342 15.0132362461 0
0.361525071378 10.4230667044 0
17.21951405 18.4790372255 0
4.64094999077 0.874949208118 0
7.14542652093 7.78543860994 1
2.70774848889 14.3346423143 0
4.05414707225 18.1433398086 0
16.7683195717 1.99467223509 0
1.32243477057 12.257370609 0
11.2396489893 15.633275514 1
14.6600305523 7.16356496351 1
2.73658746298 6.54903775539 0
0.940833213047 3.93101566493 0
17.0736033769 7.17662074921 0
6.62598390854 4.81950432038 0
16.9913360987 15.0909936877 0
2.81388406138 1.51662717525 0
8.08763218728 9.70607796085 1
15.74878893 19.3504779603 0
9.05517657837 5.39530575388 1
7.37001260829 6.26739923548 1
8.15784868001 9.49819053115 1
10.6351826305 13.2452364372 1
12.3629702175 12.992300244 1
16.4406788161 0.540087447686 0
15.8364928432 0.958724240609 0
0.781584537734 9.06454814595 0
7.88521076525 3.87906425059 0
17.0117311549 13.3716987139 0
10.5174922112 11.7288359817 1
17.1211527617 16.8926394936 0
7.93317134646 13.0847417266 1
8.97842839851 14.0725883503 1
17.2397117995 13.2191657841 0
0.46132801958 16.8720668544 0
8.26020410411 12.2041855135 1
12.6566378446 11.621550963 1
9.42900206384 0.53785930195 0
3.45781685526 8.33939890659 0
11.247881708 15.0955463214 1
3.67837736377 11.3819707743 0
14.1440850072 16.7400570996 0
18.6175324606 10.7268060382 0
18.7784852705 5.68592711942 0
0.788033890615 7.6532248958 0
15.2547980515 19.6102049527 0
19.7674826779 16.5216944635 0
8.8933772922 2.21043263737 0
13.6705886769 7.13679540671 1
10.5124420468 19.2877173901 0
4.0827249096 14.4083050789 0
4.28411361808 6.81636080714 0
17.4559678134 12.0113014046 0
11.8698372702 12.070824299 1
6.30461951859 5.35226824923 1
2.00331529584 4.42171114641 0
2.69369485577 0.212023892478 0
0.302104235485 17.6464741334 0
19.5052044451 2.3680136251 0
11.8301685405 1.0216002315 0
7.44833102778 2.30830812874 0
1.52644655261 6.07873635994 0
18.9925966934 12.2501127306 0
7.59746499463 0.945327854689 0
4.50125557852 15.9495171788 0
5.85513885813 1.6620937741 0
17.7022963948 4.98022933799 0
9.19792539153 9.20585728119 1
6.25138934156 13.049470834 1
9.32636128062 12.3240241382 1
18.859379638 3.43701288071 0
1.57492201986 6.10047164451 0
11.0711761434 11.0230096099 1
11.9615030959 11.5022217926 1
17.2202169652 18.5686320124 0
1.10822127693 14.7738625547 0
0.154331253436 17.9322274252 0
19.549084234 13.5735875346 0
10.008685084 13.2721101748 1
1.10435027422 6.04107305055 0
4.74271603413 17.424004258 0
18.6939343937 3.79546053466 0
19.951681644 12.335201983 0
5.83200578941 16.5566296208 0
1.99215156142 16.5894842766 0
2.76438785173 6.15820937456 0
4.02042623815 15.0490939537 0
17.2554643305 3.84592075806 0
0.271815700796 13.4387869161 0
10.1403717951 8.09441639686 1
7.35930169651 15.5883704447 0
9.46880842105 1.96576263137 0
8.60096247457 14.3867034801 1
17.7409841772 16.290958084 0
13.4637194861 11.0155100799 1
14.529201174 14.5482140755 0
5.40277122194 17.4921194745 0
12.9206362461 12.3843186937 1
17.4915103435 13.9180548902 0
18.2262808318 17.6343558999 0
16.8327259489 6.32925971959 0
4.52694257502 2.91469947655 0
12.7624606882 0.253655784571 0
15.7342262848 6.1287494546 0
19.3746887003 11.7672460454 0
13.5621173259 12.0043778544 1
11.9698971786 14.3171065408 1
14.4118398664 13.0680212259 1
12.1538642818 11.64437303 1
9.08171817759 0.363169537011 0
10.0373742715 7.05909370358 1
19.2522176111 5.32343628837 0
12.5893550746 4.12437960182 0
1.78036783825 7.94245391469 0
9.07114592809 0.194783791165 0
12.34599579 18.2460574857 0
6.09075248053 8.161234192 1
16.3534148102 12.1559324771 0
14.0632548377 13.7478761461 1
7.72154149672 0.20717599457 0
7.52541787692 17.1283016702 0
13.9073647638 9.26002039476 1
10.982622612 19.0465299631 0
1.13222386456 0.53652903724 0
7.38212037547 18.2226572328 0
8.70319693635 14.3195707759 1
1.76850085054 11.1103176366 0
15.6082098837 13.7146359891 0
4.05537344868 4.9263032241 0
9.44590295152 16.9290192826 0
11.043936554 12.5238653154 1
4.19579463267 14.5146418815 0
19.6384777107 12.3060019751 0
8.26005432175 5.65522425932 1
9.18848282696 16.6050213096 0
9.71743316288 17.2122956267 0
0.768493409237 5.09287635973 0
15.0109669245 4.86379801908 0
19.2544327423 4.17561417008 0
12.620473516 7.67121776036 1
10.1596704456 7.38339161244 1
0.617240150554 15.7977788102 0
19.5768624783 9.5390516997 0
15.8862799707 16.5733499505 0
14.0534484773 0.0137232823477 0
7.94192286484 14.556693367 1
4.16516478405 8.92856009351 1
1.70065040023 8.97011081066 0
16.6060512059 17.4839749483 0
4.08135954825 1.29264795187 0
12.6262122831 3.10280396879 0
14.6157487201 14.3920584857 0
17.0714009412 4.92153202584 0
10.3704398208 6.78677063331 1
15.2377503324 7.95584847884 1
2.57609915627 16.6828727075 0
19.3688052843 1.41142753535 0
6.68220411065 8.41269677586 1
13.5988825601 15.7153040225 0
6.6591130642 18.1987737274 0
5.02227021819 1.88520087373 0
14.7421404651 5.50019652606 0
2.25028912934 18.6534553507 0
8.40072081382 5.23923666782 1
7.52196051644 16.9957026284 0
5.06388045476 15.9449639902 0
11.8383093262 18.4112108088 0
13.8588003443 11.7650545101 1
9.54058720777 7.34865195062 1
17.5976436242 5.79772516459 0
2.14184034098 1.25686991587 0
1.43148169632 19.235836571 0
1.74237545576 7.58755061023 0
12.1766462717 1.52369334789 0
6.89861853335 16.9413328291 0
5.4457296283 4.70846951399 0
18.4454879321 10.3179031029 0
13.0130905399 3.67474322394 0
12.3319483607 13.1944153414 1
