2.76109047551 17.0891995861 0
11.0807962493 11.8132392726 1
5.44414973788 1.54220763164 0
6.37596588163 8.82086455118 1
4.83539103567 18.639425015 0
1.93788244088 14.8378486324 0
13.2563691801 3.16090412897 0
0.696150037286 15.3891411531 0
14.7721486904 12.0380017872 1
16.7567946374 11.8758595586 0
15.7863779824 11.5297909367 1
11.7923250548 6.62681059533 1
2.59627738569 16.9257002466 0
16.0530377576 15.2757547905 0
9.65946871704 17.8705720504 0
9.47537273399 11.377089554 1
4.44525485241 13.2543730903 0
8.10644763538 17.7091383683 0
7.35030313123 18.6236356913 0
11.8686770067 9.35165898132 1
18.40260576 8.32039233603 0
2.73081167794 16.0483759205 0
16.4076678298 2.94141018874 0
6.77555702928 7.92025391657 1
15.9083470239 17.9851254544 0
9.71681545317 6.28914202343 1
16.0437110909 16.4983767349 0
16.7259001626 1.71169617357 0
14.9586329201 14.7253134816 0
17.6404387943 9.20210151668 0
8.2323650393 7.86286096307 1
9.92966451685 8.93474136642 1
0.589454659813 16.5682319716 0
9.24469002023 9.31981749327 1
16.9435724883 15.2886140983 0
2.79317673172 19.6453734535 0
5.5268043747 9.65141857015 1
5.5217458226 9.28303464915 1
13.7531061967 11.0325148045 1
4.47322521567 7.7667250372 1
17.4120036743 18.4364314851 0
12.0202066741 8.2191726582 1
10.3457984559 15.7038326722 1
17.3652688596 5.03245848129 0
15.9753313699 4.62312186487 0
13.8300879934 10.1396322628 1
1.24533567268 14.7877140818 0
6.37473097381 7.1030762581 1
1.5497079602 17.8615573039 0
16.0007341458 0.120836046912 0
17.5872439949 16.1789090975 0
9.31978956393 3.37878383266 0
16.5034456643 7.2523841736 0
16.6343633902 2.62711481306 0
0.523689867631 4.89880388032 0
2.73125538981 5.70194515263 0
7.11322856457 4.8517415876 1
14.7815977997 0.11073743794 0
4.14762360431 4.32472348839 0
8.66236672073 14.1778369976 1
7.03204324871 16.3956494551 0
11.7306396527 19.9803140371 0
3.67021589928 17.9541902605 0
5.1426917639 12.220239229 1
12.4840695192 19.8755332985 0
13.7608947259 0.113765380579 0
19.8086922703 4.40879893681 0
1.24084720479 13.8286762459 0
19.2821045809 5.90064650659 0
17.5124453245 5.86179465479 0
11.9088849095 17.4400849503 0
9.05719366273 8.95243086092 1
19.6414883232 18.6026119307 0
3.50806651047 9.10305316449 0
14.6156334033 14.7597844664 0
11.9629954296 0.709101679873 0
15.900883004 3.6886206141 0
17.8851832427 16.2501296101 0
18.5370055452 3.13530790928 0
1.84750771011 8.62131290416 0
2.14757949827 3.77955306319 0
5.56146245823 9.70926164976 1
2.15669384325 5.95299793231 0
19.3754937161 3.06904145177 0
0.896418787968 9.63382975364 0
5.0225612611 17.3830825421 0
12.394677805 0.417263267945 0
17.1527730582 9.90834328862 0
4.63471583206 19.460361085 0
11.027333462 6.34580213813 1
17.0170060817 10.7363533175 0
17.8545208972 4.77644417986 0
19.564496129 6.62066104358 0
8.16722214998 5.60765622567 1
16.7346139926 16.0304487408 0
9.90997428549 7.38239569719 1
6.11530098511 17.2909673036 0
5.39135735808 16.6430953213 0
6.01108981786 4.61731354159 0
4.6411119238 3.56682433477 0
13.5075372685 5.33725979195 1
16.0344125766 19.4292363008 0
15.2426844768 6.12389203597 0
5.3351300096 3.92981349944 0
4.2697910076 9.58562994962 1
14.0274247286 19.8722666248 0
12.6335338666 14.2445195098 1
3.04390711477 4.2312822948 0
8.83989497833 9.00990566259 1
18.8666587182 10.9299065473 0
19.9149310328 8.18832650667 0
19.2328126748 5.50654242255 0
12.2216046093 10.5418268551 1
5.69430202623 4.77236413825 0
10.5444620444 0.0671582782509 0
5.08627939425 6.34693328167 0
2.98085191409 1.62081024677 0
19.9203068722 16.0805613442 0
17.8188328544 6.85115319165 0
6.03617497038 15.0285763862 0
18.3336559774 15.2278645525 0
19.8293258898 5.72111421736 0
0.653065733194 15.2845059142 0
6.31788552094 10.7546473783 1
16.0827318604 8.4547748469 0
19.3905053558 2.46101698364 0
11.2255641705 1.23863358897 0
5.09318341643 6.76285172633 1
11.0454707122 13.8135583775 1
13.9227578969 15.2642443915 0
6.92923249816 12.0118134607 1
14.8740790733 13.2964923416 1
9.19636695848 12.1609540144 1
5.27298379061 6.55906703886 1
7.62964291315 1.28628720395 0
12.0118402316 7.06582433846 1
9.57251962447 14.807634213 1
18.7163483666 17.12687825 0
3.27750388245 0.834909076368 0
4.74909534173 11.4859523215 1
19.3940737836 15.0381405562 0
19.9185876849 13.6695484874 0
2.01944903469 16.278424271 0
10.0687391276 0.612356078134 0
11.2621635603 19.2703935154 0
9.58360679895 18.3882817417 0
9.13598569692 4.15548945442 1
10.9536907303 13.3200623462 1
1.70640381696 17.3110902999 0
18.1961638741 14.3990078214 0
6.43018293735 7.30008194292 1
16.8504952406 15.6687369419 0
13.7800257682 1.87864949897 0
14.4126812547 9.23470085874 1
15.9700227812 3.40758477089 0
6.50499805711 5.63461702838 1
4.3377974935 1.85041752909 0
16.9812239803 14.5208795542 0
1.51606870366 16.6107137564 0
2.29598723052 7.04400596958 0
8.42958784279 16.7339636171 0
5.12774432563 3.99330109956 0
2.29179332014 4.74435942303 0
16.6075494089 5.1964554109 0
1.73041572923 16.7059295213 0
4.34280574783 13.2491685198 0
14.6971629243 14.1353187704 0
13.7313390582 12.9535882004 1
18.5613931485 15.7230968821 0
5.05796137325 2.20830614657 0
17.6301254356 1.6981562383 0
5.37878146487 5.54782893298 0
13.4233065097 15.8496621753 0
8.34053962389 18.6305922829 0
8.80697711633 2.22504826577 0
17.5052801043 15.4867273275 0
10.7012150712 18.478060431 0
19.0623161296 11.6379249724 0
12.0841363994 0.43007973999 0
7.59978824832 2.74753057503 0
18.6033917753 16.0438601756 0
3.53041514814 14.6945026347 0
16.1552109893 1.17328100307 0
3.65022357651 3.23899928618 0
9.48323429769 12.964700393 1
2.34104929021 14.8658272258 0
8.15955908317 10.8566980571 1
19.7925915204 19.5246464849 0
17.1678356371 11.7182828244 0
3.48674870246 6.04735838661 0
5.0034544918 0.873059594813 0
15.6814081604 15.3030936705 0
19.5704082429 6.1806803025 0
9.60999385573 6.13887798302 1
14.0965862304 9.43763119587 1
19.3421078572 17.1631757739 0
15.6122165461 12.0232524648 1
17.8524442008 17.6565167892 0
2.28024608197 16.1774553639 0
0.0235184607984 12.2638748449 0
6.70852172191 1.89995326108 0
15.0499047884 6.78571679207 1
18.3383605907 11.377370788 0
9.6994125012 0.883819367104 0
6.47892794007 8.92770905979 1
8.64439679619 12.9598798661 1
16.5992685824 17.4638512693 0
14.0219674265 14.1732940034 1
4.91495434887 13.6112629369 0
16.8209216047 19.1365377344 0
10.5978233274 11.7471142991 1
19.6585593545 3.31118714363 0
2.71204722382 12.6697688964 0
9.10110294334 15.3953997538 1
6.00822177193 7.33999458238 1
5.29096933587 6.37896499667 1
7.64958545471 16.2504743756 0
7.05559320827 12.5233862246 1
4.53294494436 9.1219691255 1
3.88417164746 19.9323825544 0
15.6630468933 6.88950692537 0
5.58761087062 6.40180103122 1
12.6647237528 4.43598651741 0
18.5063379326 6.40393216691 0
17.4870562271 7.55167987387 0
11.798970934 14.9918078284 1
6.87865752345 13.0661932757 1
11.4089698742 2.71550951769 0
2.10553296772 19.013028953 0
10.2350382529 15.5940902464 1
2.06173918664 12.7872726079 0
8.20208074175 0.352437011152 0
14.9958232954 18.2440083744 0
7.69838850793 1.00747337698 0
10.3278302724 17.479318423 0
3.34059501551 9.37425000553 0
18.5793254673 10.7245823348 0
16.1956849993 0.685035214507 0
14.6912632912 5.69895289861 0
16.148765695 0.967617197772 0
18.6386231058 10.209247495 0
9.70318410897 7.27608876533 1
18.4242314967 10.6835577253 0
11.1280777282 16.8912752009 0
13.6785213362 9.16497760616 1
15.9409657875 8.79409032585 0
19.4832680343 10.6925225443 0
18.8622210322 2.06816349599 0
4.22017953014 16.7901674358 0
3.23907072538 0.465195329709 0
1.89282263289 5.02263295581 0
17.3858143092 9.51480455914 0
2.21742002772 19.786202922 0
17.8479267093 3.15503786554 0
17.7585182777 12.4502954555 0
11.4739502601 18.2344343471 0
7.38055460054 2.29531868065 0
19.5409581742 7.8949261751 0
16.3682989584 9.0181449574 0
8.87442391926 2.85815459653 0
10.2465996612 6.33250530267 1
10.0895437463 13.3704856502 1
19.5312280675 6.17114439591 0
2.9713853584 12.1487256782 0
13.4031813783 8.71570325458 1
1.17381365194 19.4006437165 0
16.0603609196 18.5550214983 0
5.94833927696 10.8375587332 1
4.62008032073 0.0496459805942 0
14.6041146385 1.88229868312 0
6.5117669993 18.1597133507 0
6.14237059163 9.56295448346 1
18.7877164381 13.2312386036 0
3.70237362031 7.59478913514 0
16.3679498213 18.1373784512 0
16.8168748484 15.1404914264 0
0.519140297523 9.49941858136 0
18.4597739781 7.65676373139 0
9.73127673175 1.65207621806 0
6.72119128251 5.51577936357 1
8.65761595301 8.07621149047 1
9.98934651607 16.5443889473 0
11.5011595702 14.2404623536 1
18.4145255584 19.1989018393 0
18.0332631086 17.7606995961 0
2.70543671995 0.735529463191 0
9.59425197792 10.5760338993 1
6.45809390536 16.8300911446 0
14.4723493726 19.0210524959 0
18.1353916019 18.4861818335 0
15.2946347824 3.371545229 0
7.76246558597 2.69847077939 0
6.37064479622 14.3734576941 1
15.29862441 1.80950794711 0
3.58958918517 6.45861950236 0
2.55548909467 7.11433995739 0
17.2791489942 18.3035815838 0
12.1725639962 14.5048059791 1
5.37893595602 17.3224042237 0
19.3548297004 14.7636574246 0
12.7136818498 8.66929285323 1
1.81336873972 5.93098854435 0
8.87121918449 1.49396651455 0
12.7806305653 6.27979715407 1
3.22880788509 10.4329606154 0
1.95983033846 0.794679363833 0
10.9070096733 9.02634680826 1
0.553091857341 12.4579137668 0
15.7073997314 7.93442460626 0
7.42829077461 4.31530598358 0
7.68505229235 1.91238906079 0
2.97349774509 6.28267809762 0
15.8771471779 17.4564378691 0
12.7971311659 11.9450543867 1
4.07332812817 10.9371593129 0
15.6170964495 2.16886387668 0
17.0123041951 4.60170091725 0
15.0550212852 11.4823337333 1
18.2832407762 17.7890124577 0
18.6401755546 14.2626934989 0
1.6268134563 12.8382274925 0
3.90863744143 13.8243132531 0
6.90162051803 12.095337225 1
4.51334924334 18.1128643295 0
19.0905641636 5.16233381698 0
9.17790601397 14.4427188168 1
19.4952757046 9.85324286872 0
10.8290645459 14.9021421466 1
14.2576520021 10.8954738306 1
14.2540700307 0.283628683044 0
10.9498501427 12.2675999003 1
4.47293931588 4.68571502335 0
10.331993153 4.42082030699 1
12.0805015633 11.309698128 1
11.8389796424 11.7392901353 1
15.5414887763 7.36485170435 0
3.04762437547 13.9480889464 0
15.2032478612 5.64397276238 0
13.6017839212 0.414264589359 0
13.5961945672 10.7710346661 1
12.3298604419 17.879479724 0
11.747591863 19.8462339107 0
8.20130571998 13.915566506 1
15.1579020045 14.4575362084 0
5.88471376309 0.516760453781 0
3.66548108963 3.48223643484 0
17.7238625613 18.3989780497 0
18.0989345441 5.47394128428 0
9.59126768635 14.465991194 1
5.37411812907 17.7332092607 0
12.9835785681 16.8588671227 0
17.824635816 8.56662449847 0
7.66228009719 14.5278748402 1
2.02676354527 10.443671194 0
9.33825767034 7.43682879986 1
12.4127925586 15.5195617269 0
8.23312603068 19.1576054458 0
6.70143842933 8.32924223764 1
12.6033743245 9.37836989249 1
11.0459468808 5.36106265076 1
5.39781334126 7.97000635046 1
6.85829391579 9.60060940914 1
15.7082376137 12.8567327182 0
7.15656995078 2.12819911989 0
14.8499714527 11.0547698766 1
11.5161244257 17.1406503583 0
11.5750014082 0.0322154691433 0
15.3590721389 2.10510340235 0
4.24751699278 4.72319318696 0
7.62658636978 7.9849632752 1
16.8106741877 13.2249269951 0
2.14894986081 13.3300062205 0
14.8999122497 12.8406420027 1
1.61171737785 19.5522101174 0
19.5048167153 5.7121151851 0
1.74630571091 14.8227033908 0
11.9629388211 8.39090084343 1
1.39426314118 5.46100990516 0
3.63812483127 0.743057205868 0
19.5744934342 15.2992758853 0
3.57450399219 8.04069211611 0
15.1892789505 16.9774333398 0
17.0591470819 11.3481900864 0
13.863683221 12.4205470807 1
9.21472263065 0.184738322863 0
4.36784531001 9.47220524981 1
18.9608545808 1.27597992466 0
3.95313890346 5.82934254375 0
19.5269760144 16.8742544322 0
4.48735722868 9.16842389766 1
0.882957593359 3.497454839 0
9.53360731076 9.49520670669 1
14.2863715307 4.51935666648 0
3.28111343758 1.69061404038 0
2.82265973586 6.66936558373 0
8.26253596767 14.5432178421 1
18.7954513606 10.3850620203 0
5.95966410059 18.188187245 0
19.5339529851 17.4790544614 0
5.7207607968 12.9921808311 1
1.26201377762 6.9708985878 0
7.20392296566 10.4313394528 1
18.3241444996 2.23450750299 0
6.1253950848 19.6231909267 0
4.47274177253 2.51420833831 0
17.0564108438 13.9590816192 0
4.37262555526 13.4938061767 0
4.52645788135 9.64735102547 1
1.48776687261 15.0283685466 0
14.663301358 0.551955133305 0
7.94146992491 18.2289785168 0
13.5321723716 17.51144419 0
10.7667108631 17.2285562578 0
15.6754898022 0.594575256795 0
11.565323754 10.9091596565 1
12.7000023125 14.1765860463 1
11.9609282185 15.1307807405 1
1.06605357659 13.0640366541 0
1.26526637315 3.20501365575 0
8.90930528341 0.753862157798 0
8.38109745257 11.7137116019 1
11.0029694208 10.1271128208 1
13.9229737669 8.47772471155 1
14.0110724798 9.80729057466 1
18.5143067409 19.5383987053 0
13.034174371 11.237934466 1
7.91028480401 15.05082441 1
3.04323096252 5.987955461 0
8.15265431864 4.69849629754 1
15.0065464129 18.1176292244 0
1.81372411088 12.7494855496 0
7.55755397943 13.9650708671 1
19.942293834 14.1796422862 0
10.7712935504 18.1213953749 0
12.8480741613 4.13545087998 0
19.2456617973 19.9182610717 0
16.0381709096 17.2611346988 0
7.45370297523 18.4412659353 0
12.996440018 17.1315122754 0
1.92349155794 11.4737696196 0
7.43373775333 1.70810493053 0
9.56948536477 12.4920667822 1
4.9091152002 6.16150787615 0
5.73434587307 5.39320068832 0
0.0870829690374 14.0901616732 0
6.40804255791 3.10887995501 0
7.63832804238 7.26641767604 1
5.89735065599 7.44217044782 1
11.5999498033 6.36484338216 1
11.2440587907 17.0732854143 0
5.55690571989 4.03733250871 0
13.3104281398 17.7533583884 0
7.19696624685 11.5348204422 1
12.6037170493 0.709014017023 0
12.4527400148 19.6904123341 0
0.804734240952 2.61932326559 0
2.82514247172 3.36239749123 0
7.33136888718 18.2049098843 0
14.7516830727 5.21042707097 0
12.830720709 8.56920733646 1
2.18194043508 18.1962084024 0
0.06039949038 11.6373484715 0
13.155835423 3.7259278402 0
18.7950734493 16.7684176028 0
16.1294065954 3.42856060277 0
17.2263848241 6.98284719702 0
13.4489665782 7.04648393062 1
18.8384749512 5.94867283745 0
17.580992156 19.3312702513 0
10.4371498822 1.16346280609 0
4.93644608384 10.7515335555 1
0.451037282589 0.576503522509 0
10.3084064542 19.6233223035 0
17.3810802619 18.3709309108 0
0.0635879673108 3.38797893356 0
8.28451236948 18.5107795504 0
0.406465427325 5.82383880503 0
14.3524736752 19.1170579741 0
1.30975504082 15.6265964155 0
16.3969154373 16.0675252847 0
12.9892551866 16.2977366389 0
18.3289261969 6.34018261728 0
0.52742200175 5.77410754075 0
11.3064659639 11.4405559525 1
8.36414223799 13.5431184269 1
3.66641146897 16.918148851 0
0.368842521883 12.6354608484 0
4.53327948942 6.53098483823 0
3.85254993697 0.0402847398963 0
13.0009646242 8.01340935236 1
14.9753305537 1.6832740294 0
8.10279151861 4.915044633 1
7.13026980352 14.0667550833 1
14.1921501942 3.65416900226 0
4.71468702057 11.0067734659 1
4.15371475245 17.1523413335 0
19.0714528683 14.7086517425 0
12.2988044583 4.66334661585 1
6.52878978114 12.3145036253 1
14.0293678307 11.1544084042 1
10.1150883182 18.2870567962 0
16.4476840876 16.5747529794 0
7.80818257802 17.864905218 0
10.3877810856 13.9767134629 1
11.6959868485 19.7228617605 0
8.71096072542 18.3372200308 0
3.1548367452 15.0855178059 0
1.74988276819 11.7995331919 0
13.6147916891 6.90996927558 1
9.46004035769 1.99367908273 0
9.77073239464 4.02196546129 1
19.6998813775 15.594943852 0
7.66848634093 10.9732230914 1
6.71957359142 1.757534187 0
6.43919914345 7.59347719727 1
11.2094044103 5.16172620353 1
1.33606339771 5.88562923717 0
12.949434424 13.3714812861 1
18.3377185969 10.5717218036 0
11.6474382459 11.6146462296 1
16.3070100198 16.2175756966 0
1.82329700751 17.658639881 0
0.444865825369 11.2018308523 0
18.0282098399 12.2964093183 0
4.05129964511 3.64695578461 0
19.8488483818 14.9995117077 0
10.9513655215 6.70555198554 1
8.76716411176 9.54512926558 1
3.99024352679 13.9677074284 0
19.4121509927 3.18742181854 0
2.8403038036 18.5218728571 0
2.63741950674 19.4862669926 0
17.0325964665 6.53519868098 0
17.5552886314 1.90287012434 0
17.7923005634 4.67147940905 0
16.8666989007 14.1862967298 0
7.14748095751 10.0578656533 1
4.08264604196 11.6018280893 0
5.29245376282 0.192103051416 0
4.06168105491 17.6281180309 0
0.514235526963 13.6832958315 0
11.5116160873 4.62591445192 1
10.846766048 11.6816326473 1
19.0861491915 19.9782775527 0
13.9771964684 4.8630699518 0
2.36260621616 13.7215287349 0
16.9443841113 18.56538382 0
14.978806103 7.70723208196 1
6.94072688261 17.6347336589 0
5.10907445151 10.1410337898 1
11.3186861718 1.70464904451 0
15.2023823461 6.52651426198 0
0.830724334432 7.02185019686 0
13.2268999511 14.5764379167 1
16.7663786173 13.4035987679 0
19.5153289397 10.8994280664 0
12.6535860942 10.3693105949 1
11.4608845737 12.6003280171 1
13.1966060625 3.86670294201 0
10.2089633913 11.2019649695 1
19.7015351419 3.31225739559 0
9.11067512514 12.7412956101 1
16.2663702366 7.61430747681 0
10.8592190935 3.38609752453 0
8.35245316675 9.26595453093 1
13.0799688188 6.48158321188 1
1.66347913745 8.13774796315 0
13.8064625936 9.29213833587 1
16.4047600619 13.9678650073 0
13.5592735342 13.811098007 1
12.2414877263 12.2193833525 1
9.2107640831 16.9508681826 0
6.03884913338 14.0008310087 1
1.69244742482 16.0527867638 0
4.82676801138 8.47748039575 1
8.05460163367 10.0684800928 1
9.07857140398 16.1372201341 0
9.92306590984 2.05636141571 0
9.08429533003 12.7173737566 1
17.8787901004 15.8768742749 0
7.09686473433 5.90267901405 1
6.14598684248 10.5223219745 1
6.1306690423 12.5752865304 1
14.4601132151 13.8612173011 1
1.95314586699 5.81360046339 0
17.958858919 13.9823278405 0
1.44545042561 12.4217867973 0
8.28587127489 11.4412408977 1
0.795244087317 9.09363364442 0
9.68066397399 18.2477008467 0
5.95989372194 1.51328803384 0
17.1808900933 12.9373704257 0
6.2459103578 19.4478997719 0
18.1959529695 9.59640100756 0
4.17437448874 15.3098420644 0
7.16016996687 12.120128063 1
9.67439973321 6.49525722984 1
6.59165705038 10.4810155456 1
3.87835128826 0.823265967256 0
4.20688760496 3.78079375647 0
14.0964302562 18.8289674997 0
8.77251769882 16.7342268526 0
10.5369128742 8.03313142108 1
0.607864790726 7.48087888581 0
3.90607923775 11.3043060553 0
13.2620129203 17.0079298297 0
2.16742355529 5.57223945498 0
12.9542853636 5.96561012002 1
0.617021289851 9.15219681769 0
3.69854774773 13.2722437155 0
8.33485011927 12.7851914931 1
17.0639174582 16.2929301732 0
14.3380105208 16.6103242235 0
4.53218969896 15.993048912 0
4.84297198001 19.3253874336 0
14.9597262104 7.68036881129 1
16.4873578684 5.496735712 0
18.1339877622 17.840723457 0
19.8738661524 2.17027495065 0
4.45871623144 9.71093355921 1
16.6814716014 18.051221075 0
11.3468034589 12.1378118204 1
4.84890331726 8.41286179459 1
10.1138354992 2.64829773295 0
15.3081028564 13.494335996 0
4.13676148426 1.36599106444 0
5.7193244267 17.7955880863 0
5.54205566099 0.489656547165 0
10.2755782357 11.9112024818 1
8.99999622507 13.641463484 1
17.0217696508 12.2954272887 0
5.42348231329 19.1606815285 0
4.25881755246 15.6609924697 0
4.22569820487 15.1350735801 0
2.45704302172 16.9104622891 0
0.467431028138 13.8806677183 0
4.08103343157 10.1754904855 1
10.8099836886 6.32137148819 1
15.0605653283 1.66503268127 0
11.4143985481 4.47261308123 1
18.5062303072 8.97852964055 0
1.60994288182 19.6307581953 0
18.1797424852 14.8945773251 0
15.1885792627 0.61069742586 0
11.8873368532 6.11107285698 1
11.2439726312 14.9223395213 1
3.01226456391 8.93410147079 0
11.6434291156 17.5124709905 0
17.8361389182 8.88722428442 0
4.49512068708 14.9742038526 0
12.260291317 10.9286954531 1
3.64976541117 5.50608793078 0
2.76784729185 1.68508819182 0
12.9176433865 17.1161610104 0
0.740651907649 3.9331797973 0
18.6465535969 7.72553611236 0
12.8645544091 7.04493403813 1
9.84698259431 18.8528509925 0
9.71717058589 8.50651827147 1
8.9621952259 14.8000720619 1
6.65411744441 14.420012338 1
16.8741329368 13.3419985928 0
19.4537342369 3.02378836463 0
5.81261648881 16.4125683673 0
5.52230634222 2.81771293202 0
4.70646686348 8.35761670007 1
13.8340270014 2.8888206868 0
9.60935938167 16.7904013139 0
0.862408283926 19.593751242 0
12.2123664 14.998750609 1
18.198389585 3.62479373999 0
15.5219412049 9.89469999417 1
11.8399223342 1.20874097478 0
18.4724670809 11.384383914 0
7.61764425596 13.9033835634 1
13.1933831089 3.59102429714 0
11.0772393881 17.640833779 0
14.8499785775 0.593259395099 0
3.80372999884 16.9216219917 0
1.28792584397 13.4907759426 0
13.3867718162 13.7258687885 1
14.5110394076 7.34707957187 1
9.39883537918 17.5762676505 0
3.50926489555 10.522899912 0
12.0867878288 4.76182907581 1
19.9541343019 5.57054100656 0
14.8733387886 9.04643908121 1
14.0393417311 12.4841133475 1
13.3451516185 0.0250966753006 0
17.9889763349 13.6093251649 0
11.3241694445 7.33187322562 1
7.34915246626 3.1571427024 0
12.9275311335 17.7009373271 0
13.8969191423 14.2700072951 1
8.83601572613 7.70602965409 1
1.04175296987 1.14290645703 0
15.3473398512 15.0746935411 0
19.6206166507 10.6928539221 0
15.476425258 4.05388847188 0
10.5617961857 15.8023699658 1
16.302129684 18.8210368176 0
9.87297970241 5.46409854891 1
15.8402919766 11.080194766 1
17.0914084402 19.7534052605 0
0.771091568321 1.28304806532 0
8.92498934779 14.5919574703 1
10.6014073579 5.25631237891 1
18.9539499349 12.8984192382 0
1.13665817538 8.5171743864 0
19.3208300118 5.7243329341 0
15.984068445 16.5188051031 0
5.41005977241 18.9588596946 0
8.00773296311 13.1559555467 1
15.7392261799 1.27685495242 0
17.2322978993 19.5395204507 0
19.4989682887 7.79304469963 0
0.769380473764 8.26015451695 0
8.84035436805 5.35306505249 1
10.5575763772 5.20821918472 1
11.0467089796 5.25619404349 1
0.269442932384 5.95268844724 0
19.9868315633 1.44146904189 0
6.8646497935 17.6256934794 0
12.9516814188 11.4039108947 1
15.3954880559 2.92739829431 0
9.70535541059 1.61505566979 0
8.33404840522 16.6642443276 0
1.31729546956 11.270426793 0
10.8799809768 5.84941944375 1
1.22185010465 13.7011121317 0
18.18139285 19.081777414 0
11.9247352531 2.53053325429 0
18.0750712 19.4996089405 0
15.0554177731 16.0963873639 0
12.3748810245 8.64220316554 1
16.0389792659 7.49301782809 0
6.03228007165 14.2717766962 1
5.69953806376 2.83592066159 0
18.7803985196 13.8711961013 0
15.706630157 5.66533872584 0
7.67177782012 14.0495577086 1
12.7419380233 7.74420823187 1
8.96169728578 16.2003152429 0
18.3046587264 8.80917276048 0
17.8328059152 17.5127498921 0
8.31177471739 14.3650257636 1
8.69265237757 8.52526663826 1
16.9507138076 13.2698805615 0
6.1026840209 15.9774831155 0
5.82101838006 12.9303547297 1
7.37602385877 4.25932096441 0
15.0527011957 13.3273676305 0
7.86566412297 13.6492651639 1
3.42432593319 2.10596344718 0
1.41940863593 15.6853780089 0
8.52874041697 13.3269207607 1
7.67846961361 5.72232332715 1
13.4640762125 5.13110051137 1
1.21017141851 15.4057712922 0
8.07197728951 14.8037864856 1
8.81615944672 17.2231344578 0
11.9235872017 5.25432996621 1
1.49204229092 14.8899441401 0
1.75164171985 18.6654803802 0
17.8694731669 9.42603628965 0
4.45671484855 14.8999850065 0
10.442253546 0.772499631875 0
18.3229996717 0.0183741536018 0
13.6105140681 6.15514221048 1
19.5155485513 5.63681310035 0
6.38387194819 19.4513078176 0
7.49589793532 2.35475947324 0
3.91868126753 3.17616715698 0
16.9029011515 2.34662856502 0
16.3064232972 9.34828673033 0
17.2210323485 10.0846894876 0
9.38414602849 18.3595070719 0
14.9149786881 15.3906091911 0
19.3766374763 6.12442266325 0
18.0188590046 10.217850367 0
6.55355598191 14.900847655 1
15.4324622801 0.509818154197 0
0.438648544539 6.64373886169 0
13.6483469641 6.68142084344 1
14.0839818371 18.4373556594 0
9.96903053238 4.74499814237 1
2.08312978633 5.26873463127 0
15.913936254 19.6157011415 0
6.66596529198 18.5803501359 0
8.78720922734 5.41676088653 1
5.54773475322 14.0756720096 0
0.115037115034 17.4279019422 0
17.8922493712 16.0413882173 0
19.9519121216 0.768262211908 0
6.22618953171 15.3518771792 0
12.8593793461 6.24624008906 1
17.4670847811 3.41611492435 0
17.1915278205 1.33292292479 0
17.1099456241 5.63000693946 0
4.24069949559 6.54719545055 0
16.7973989026 11.9904922761 0
17.107390651 8.88223054183 0
19.4660038633 0.889932927396 0
16.326877377 12.5578513665 0
9.55227770203 17.7491707796 0
2.29055247241 19.0832195016 0
0.840822966719 9.44602651169 0
12.5925691486 12.0984581105 1
12.355947054 5.92542775928 1
4.51873414722 2.19877739491 0
10.5350592748 15.3719550409 1
0.608621586155 7.31798833295 0
6.48433209984 16.38343891 0
14.5162582892 0.792264382034 0
13.7403822137 12.9020064286 1
5.48298708918 14.9815228784 0
12.4420632187 3.04887810847 0
16.4528335702 4.31527530552 0
15.3941867486 12.9943296851 0
8.37360933864 11.9424725599 1
11.6134561637 18.6401350008 0
18.4869193503 11.0513360558 0
4.34862694456 9.03942584766 1
9.2355406606 5.88957559096 1
7.28583009825 6.68808090094 1
13.4642561399 19.5441099626 0
1.42069390426 9.16222645016 0
7.72326874111 18.651741028 0
19.2974151956 7.53551698282 0
5.34837456215 2.33461835975 0
13.698118855 5.99367743643 1
7.35840224745 19.5406327317 0
2.97170292243 13.3992635689 0
11.2218369826 9.41607659311 1
16.4471859713 15.3179846914 0
12.1118045322 13.1539825922 1
14.703466246 4.4760319821 0
0.559983835382 9.52713515657 0
17.2014246818 0.612581512752 0
0.881855568669 14.6631500797 0
18.1486447085 7.76471201546 0
4.44775809758 17.0876312719 0
11.7338155191 4.80286978526 1
5.82186216276 15.6005277285 0
4.16935794773 6.97780016432 0
2.70539959115 10.3253968637 0
17.4946251939 9.35381061173 0
11.6618468163 10.5336647998 1
9.80268234424 14.959438429 1
2.69088559008 14.6749505407 0
0.631612230311 11.9268235595 0
14.3715566224 19.929234454 0
12.7207072514 4.86339027413 1
1.74213690581 6.16579093413 0
8.71517813648 5.54091581269 1
7.47248645488 3.3751399731 0
3.95107070422 19.6619456762 0
11.0958862207 11.0610276362 1
1.05854579955 11.3972068915 0
15.0694368745 17.5282803607 0
16.3045972916 12.0754278468 0
8.24099366238 11.4109764254 1
0.497749405728 16.4235653786 0
10.4339592513 2.09053405611 0
11.2372593147 18.352900896 0
17.8676888308 14.7528423368 0
1.49205812724 6.98308249715 0
5.68919334384 10.9083341515 1
8.78638555884 15.3687461375 1
6.10394121659 8.05350589895 1
19.2658581701 3.4067593689 0
16.5274140415 18.2143968361 0
13.5411963723 6.7682363424 1
4.93502274949 11.7353321941 1
19.8870732189 14.8427300911 0
14.66968778 17.6080138804 0
7.25671885061 17.1126486264 0
14.7897895796 8.04275507111 1
4.19397201244 18.0895232685 0
3.27635813369 0.838783345282 0
12.3720685077 16.2995342162 0
15.2761327712 7.35889831899 1
16.4440412935 11.2929504038 0
2.75987868696 3.00718967908 0
8.78572944413 9.24016827604 1
0.449033567402 1.63929441257 0
11.1228559006 17.7918075274 0
6.00834836257 13.5605961844 1
5.30705013863 7.89219591087 1
8.49743887305 18.2548533708 0
13.9593911212 3.98683632127 0
15.7133991793 5.39594404804 0
11.2848014565 5.63333062195 1
11.7029953767 17.3729528268 0
11.6855509978 15.2319095392 1
17.443444951 9.95301183428 0
14.6177145464 17.6227942415 0
0.623240347596 8.89963523298 0
9.53987952288 14.5516081441 1
13.7541644269 4.20840323261 0
18.708687348 14.3129659435 0
0.44879266425 8.68647673249 0
12.963685374 10.2993989697 1
0.237330522959 16.8294772359 0
15.8110340276 2.57178595598 0
7.38297116933 1.15558111343 0
8.87774461974 9.27475105171 1
13.0609465995 1.24287642841 0
19.880049511 6.56108726677 0
15.5803034306 0.0549733667484 0
0.26809771492 6.34219058988 0
14.4247190773 14.8412436018 0
15.7733692554 15.1627790652 0
7.51318662491 17.6195982745 0
2.74128910767 13.5731529563 0
19.7490487604 10.568975034 0
4.4933624675 19.578500929 0
6.87112298175 16.2948755925 0
1.33438946051 1.33639219408 0
4.52959708396 13.9921427486 0
8.87874050478 10.8729006548 1
19.633628681 4.71319242001 0
10.9692830626 5.11809466992 1
3.58864396415 4.68437912494 0
2.91995961685 10.3295714091 0
5.90280031562 15.2074111833 0
9.45866703498 1.99882635107 0
0.962533238729 10.5930465597 0
4.24159766123 8.89639845565 1
14.8814870203 11.3208305932 1
6.52793308313 17.8320824451 0
8.71907039166 3.53489952146 0
4.59913965169 15.4543424645 0
14.0670882216 3.02623779571 0
10.8424347432 13.1117893024 1
12.7397597997 5.87888708222 1
0.898402476554 2.85190330308 0
19.8556628584 2.70476846244 0
0.234578078518 5.91655305887 0
10.4840464337 13.2218896489 1
7.57101834412 1.34890484524 0
2.73213706366 17.1930643506 0
11.0856509738 18.875606877 0
0.0501893656149 7.03195944875 0
13.4627873488 6.37220697678 1
19.2000065011 5.50914816346 0
18.7345090526 13.4482834952 0
4.55811219682 1.60740377441 0
6.11397928707 4.45772576236 0
13.1189819674 18.5023652592 0
9.81513487786 0.711006120373 0
12.2488640951 7.14599853193 1
3.57341817683 1.39608816649 0
17.7817503049 3.86947732322 0
14.6485524544 17.956604577 0
19.4297346453 4.50657793294 0
8.82085367295 18.8941609093 0
10.2723636798 15.6614381805 1
7.49079315823 0.975518247101 0
4.8369781338 3.09045354876 0
19.4719824362 3.45812643166 0
1.79193602618 7.37917464188 0
0.740656595159 15.2483828519 0
6.44611090683 5.22342231432 1
8.69224774063 10.5680899705 1
16.1010175774 5.58492864858 0
19.0630773595 0.733618677352 0
13.9301049932 5.7218320275 1
17.0276502029 1.32000813332 0
2.61440785951 2.62964624415 0
10.0421244542 3.13400836626 0
8.58629185992 4.25543777957 1
16.936142464 17.600665854 0
14.8120055906 8.76149492783 1
7.64539849086 1.37098750403 0
17.7772796125 0.357383102546 0
12.8634321005 11.2775143155 1
14.4230547304 19.2856778658 0
10.9657448894 13.8381908675 1
14.3654508836 7.39290790215 1
2.16477213484 10.1511335998 0
13.7540013133 5.74009691083 1
17.9221057485 18.5782993781 0
2.33253979965 8.21728285931 0
12.0661196525 1.24232416926 0
13.8451989403 1.71821135474 0
9.98092659704 13.6279790205 1
0.905665186248 18.0442214219 0
5.09365014268 14.4982121348 0
4.87918901479 14.6268973891 0
2.43184807535 7.0726072703 0
4.24127899379 6.78481356504 0
0.302331104409 15.3158235372 0
12.5035961379 5.1343242313 1
2.61454445129 19.0190212774 0
19.0760890825 1.48432155707 0
17.2964751555 6.53701182934 0
16.8637745522 4.33920282503 0
15.7932473116 5.25760721453 0
6.44379352439 2.0705145284 0
9.67074090548 4.17088275922 1
11.4897395699 0.0880902930348 0
5.77833721022 11.4819068207 1
17.4115761411 2.61275096115 0
3.37092211121 16.5954589177 0
18.5808419231 5.90738821905 0
3.97248180791 2.06892149527 0
12.8623777314 11.947706326 1
9.33263485916 7.6787329854 1
14.9558759288 3.83254041741 0
18.5529191132 7.63467062143 0
10.8296767203 5.71072247966 1
8.83970220914 0.922222300311 0
15.0551947117 10.9357902326 1
17.9557198304 0.902944185676 0
5.4616447903 6.06023822557 0
16.9758634632 5.99059287556 0
5.65879885459 2.38681771149 0
17.9226451738 4.53775899244 0
10.0908760691 0.741768937467 0
17.4100487217 18.1119141219 0
17.2274083683 12.5126947143 0
18.7317714427 12.360684501 0
17.0394417675 14.3740978625 0
1.97726476751 17.7338197527 0
14.5786067264 5.19500309052 0
3.42341107907 3.2620684404 0
11.1071727875 0.841885844 0
3.20717973916 8.98715233688 0
2.28461820538 16.4334812992 0
12.5236814662 11.805060907 1
1.21352095324 18.9314643734 0
11.7434970732 8.55681752244 1
8.23379831487 12.4765708743 1
2.6274413228 14.7236478086 0
7.08722754 6.50174186802 1
14.1472043676 8.87777211061 1
1.84761494831 3.79824101026 0
16.8763562183 4.79818269145 0
13.8297610039 15.9667146265 0
14.0743793021 0.662576409446 0
18.4621110924 16.4911956269 0
16.3402712718 16.2369783062 0
2.43361128221 13.2917860333 0
1.71473469033 7.49743440556 0
18.9076181401 12.9427651008 0
6.17036124001 13.0101728276 1
7.74205106494 3.29175895899 0
8.20172718091 0.154049896953 0
8.0943419691 6.30754807333 1
4.19723730068 16.4621319449 0
6.8322672268 17.6746311601 0
13.3313040634 6.24535043204 1
6.21490575753 0.425437136041 0
12.9232713794 7.16484099458 1
3.62653390322 14.6776106191 0
4.03505843225 4.49399378299 0
12.5411040615 0.723155739963 0
13.7518133568 9.24879249747 1
1.57990066316 14.5263517489 0
9.93513705534 18.288399789 0
14.5761889564 6.02653252402 0
9.78095801627 12.6176291199 1
9.48364171638 3.81306114552 0
5.68365544954 15.5292492051 0
10.0216182776 19.5974783053 0
17.8085093997 13.0124209771 0
15.3202880841 7.76577440302 1
8.13643057746 13.4098963792 1
9.37678006663 16.3218701961 0
17.5084090964 5.47136422955 0
9.42787331863 4.55046530155 1
0.835771316196 1.36530932441 0
0.470002614018 1.18932808329 0
8.92611015458 6.34154812154 1
15.2703599739 11.5679781573 1
15.9693717142 19.7853163389 0
19.2320747991 17.566743364 0
17.5489937591 2.69310377365 0
18.3823438199 14.4639674902 0
12.2879201038 5.94954510046 1
13.2087816012 8.13101923294 1
3.19614932656 0.685140743394 0
18.3388971874 16.0952418846 0
0.194777940737 2.59431286272 0
7.05473910593 2.39457081868 0
7.54547086504 18.859122459 0
1.34957812053 5.7410475188 0
13.3130116477 10.0970054803 1
4.40718913465 12.6850573614 0
9.74783950984 14.0026028515 1
15.9509880611 14.3494862883 0
14.7862125781 17.3910517715 0
7.72267063611 8.13181578455 1
9.55760942299 5.80417600491 1
1.81078037744 8.82508282403 0
16.9984389404 16.2788602321 0
1.46802875301 10.6931209926 0
10.3981825713 7.7628950718 1
12.9930095349 11.9349653191 1
18.8556313151 5.60464616418 0
7.70280597866 0.665327123325 0
15.7837446462 2.48881785424 0
15.4019474634 14.9691845467 0
14.1276540738 16.1344814254 0
10.1517550153 11.6883812095 1
4.34052440003 14.1084191245 0
9.46701637832 6.34736664951 1
12.1248316345 0.394735138863 0
13.4123343978 2.54471535483 0
17.9731225209 1.84864732089 0
17.8448901007 9.37631040886 0
9.338188853 0.18349002443 0
15.3263212042 7.67795437764 1
9.15342625276 10.4847531871 1
0.446554122444 8.23694160252 0
17.2710141479 19.9686082247 0
12.3306917876 6.74639168863 1
18.5495938278 10.7663489146 0
5.35304807158 10.1249782675 1
19.1620976692 0.63903708833 0
2.81813963331 9.15030043653 0
0.551545247118 9.24578418995 0
14.0847426193 4.65535514127 0
16.3567213384 3.95294110299 0
7.41978596813 15.0656458504 1
5.5002532371 8.68327023694 1
17.623342135 9.79534635572 0
3.43617563942 13.4073455691 0
18.3145355152 18.884560999 0
12.1774903905 12.7477537146 1
0.527133442106 0.0794604811635 0
11.5289579165 14.3240869262 1
14.5190809896 0.565318351737 0
12.7372792584 6.67326634398 1
7.2829535347 13.8364705768 1
11.3874364438 18.5098136785 0
16.9993863178 6.61830487168 0
12.921760366 8.68459521809 1
18.2182462371 10.8614642389 0
1.93332796342 16.0755314791 0
17.3273756929 15.7213198463 0
6.00284006005 12.5397670532 1
17.8811210381 1.67933963485 0
5.22860323718 19.8857059075 0
8.67006921018 17.2966179634 0
0.743799209275 6.56223509247 0
8.79477830585 19.2268363376 0
10.6237023539 0.943932516738 0
17.9888554165 1.15395201403 0
15.3920836773 7.54964690973 1
7.76605476173 14.4035196438 1
11.0913163759 4.57439944966 1
6.62284070469 6.74264028999 1
13.1584290033 14.858456378 1
8.28240568155 13.7687898429 1
8.99453396951 13.1626403816 1
6.42241879017 9.35264685454 1
1.48122219442 17.0951382133 0
16.5352262922 1.00869366242 0
7.3959558783 5.70188808878 1
8.89794050264 11.1866643735 1
13.9038272418 9.26971165802 1
4.24142407057 5.19577185452 0
18.0221012727 8.9927230449 0
1.36368515924 5.48281512512 0
18.8107719182 16.9436810365 0
19.6939937406 4.70204066305 0
13.5369052502 0.610845074475 0
16.3800673314 10.6440954459 0
17.0428015106 17.5509040687 0
17.0368682167 2.40012002026 0
8.69722925489 5.74007390979 1
12.714440116 4.28357496306 0
11.2909039021 5.08189857665 1
11.6952692312 5.47070140226 1
18.6278613722 5.79683532158 0
12.0624766218 13.9416108278 1
10.6077473864 0.189029446612 0
2.24524377662 13.7925566212 0
12.2258976161 9.61027099436 1
11.3067526773 14.0645753575 1
11.061280719 8.48091730488 1
3.06635305494 9.31801792642 0
4.90875678597 0.108819129443 0
5.44423582898 0.97895528362 0
0.353970752205 11.0185528393 0
17.7341116928 1.6145723026 0
15.043016655 4.76107229591 0
15.6606800103 5.24708830824 0
12.4983798894 8.39298731239 1
4.37148093464 16.6238857822 0
3.09367210993 0.0469396556003 0
16.4060732542 8.05199810472 0
16.8858281655 16.4215687143 0
4.90517636757 19.6872060159 0
16.7877168227 15.4207414674 0
8.15497471487 18.675492708 0
7.15806760394 17.2853246311 0
12.8524428755 15.4567731851 0
2.37599843472 2.66475210984 0
5.02475840501 7.57039918295 1
13.9873041991 4.3633614764 0
4.4060885139 14.069687744 0
14.8290966896 10.008443884 1
3.54345888163 9.27490371035 0
10.9042579145 13.741118761 1
13.9408865021 5.24965772102 0
4.21341343683 10.6899187769 1
4.62795068964 19.8568490652 0
1.02136454705 2.87684010513 0
12.6916278298 8.05139904472 1
4.94973188252 17.3292628243 0
10.2777213447 7.58005675328 1
13.2825346883 16.3475864622 0
1.14541337847 17.3574333367 0
0.918905814311 4.68501210658 0
15.8282301511 8.85244330245 1
17.7366828826 16.5943964056 0
4.76720146808 18.3909627474 0
9.87344521202 18.3596338736 0
3.47055048295 10.5584761781 0
2.35053809851 3.77388595087 0
2.64159691266 9.50063802223 0
9.58782795234 10.0158509395 1
0.383752705741 7.69335788719 0
8.02876922991 8.88200709814 1
19.5383273684 19.3955834956 0
19.8787832362 6.19212430047 0
3.74170533244 5.4012992024 0
11.7802934789 14.2859073568 1
6.16136317227 12.8944168353 1
15.5049803104 1.2983889241 0
13.2874476684 9.36871450551 1
4.09074073023 16.273378778 0
4.84178260465 3.33331546476 0
9.75737793914 5.56924321911 1
1.5279738699 17.5921393305 0
14.378853688 0.780533812612 0
8.51920868859 10.8305822095 1
4.86309777543 16.439221494 0
1.39256554851 0.48921858832 0
4.50363948431 5.89587192936 0
7.04669301565 12.171073636 1
15.7671836409 3.96509172933 0
7.00466582052 13.701481517 1
5.64092143007 9.88473690233 1
18.459439698 5.3948324206 0
4.6326119941 13.3638705928 0
8.17340393397 4.27203166975 0
2.04263611857 7.85259649527 0
11.1782558293 4.51608129676 1
15.7245150907 8.34015700507 1
11.4347432793 10.7403141426 1
2.96304702866 0.863768562768 0
8.02238404947 14.5437767354 1
1.18957339846 16.548444517 0
9.24753692872 4.22745378996 1
16.9978196381 17.0942638866 0
17.4430895393 18.4881266763 0
3.18091687295 17.1273421366 0
2.35945156657 4.68371263722 0
18.1541045959 16.3806839845 0
5.02663588727 16.7656197953 0
9.22183786432 3.633740656 0
9.4147945344 5.15202840656 1
6.24906536053 3.90255329637 0
9.18489569944 18.5054281623 0
4.11026565485 2.24788168259 0
4.65193097299 0.55669132195 0
12.0686935562 1.3884774186 0
13.008457531 13.5043119413 1
16.103884772 8.64218953929 0
14.3516292059 12.0421681545 1
19.3560784793 19.1625594653 0
15.6727299851 9.29911058966 1
6.83838405667 4.06620439874 0
16.52697615 17.1623747356 0
15.7922378778 11.4956425736 1
17.5886241202 4.4601573196 0
6.64610542812 3.61481760604 0
4.87071798183 14.1493019945 0
3.94810778877 8.89578681798 0
6.36566155757 1.14363749232 0
8.20719378468 11.0955279677 1
14.6823616067 12.7615852695 1
12.3610457122 15.0238158938 1
10.2493571013 17.3971269938 0
2.22328934226 3.10710941101 0
13.2551127491 19.6028651155 0
3.90532054683 2.40022440972 0
17.5343516495 8.67742224699 0
12.6210880468 5.17574533249 1
10.7598715734 19.6200580835 0
0.187117430313 7.2796783789 0
19.0912139602 10.3173107953 0
13.3524335438 9.20248207449 1
13.0390754618 18.3142173436 0
16.8247791498 12.261633755 0
6.72870448453 8.24008456459 1
17.2142640703 2.5028397878 0
11.9747364842 10.8368099844 1
8.36578163959 0.725924798887 0
11.2730018872 19.6456417563 0
3.07200463047 2.71676140931 0
10.5591270361 3.59101927986 0
0.324303778586 12.7078408509 0
4.0682822454 17.65378001 0
6.52193473195 7.98692837852 1
2.89879704255 3.2208266382 0
12.9804756437 14.697605003 1
6.28448990996 5.12239792538 0
10.7491515171 19.6376832918 0
17.5151475724 0.0086612863585 0
12.768812615 4.75040446154 1
12.3357395015 5.4680868494 1
6.03553573775 10.4528943884 1
16.9361962448 11.7188740369 0
1.23100695903 5.3975336321 0
8.46980250451 19.7464319061 0
8.12008153722 1.8361791778 0
11.7807729266 6.99572749999 1
0.0168167851595 18.087410797 0
8.30343793582 17.7615710362 0
7.0259773764 0.503371638077 0
3.39768549222 10.8305987926 0
1.09148926976 8.44576747244 0
3.61145365517 17.9666347925 0
8.35268042377 19.0382669342 0
4.34452978319 17.5977555434 0
14.545121205 17.50055045 0
5.0723477599 5.54806707986 0
7.7031361708 19.7214351809 0
15.49125361 11.8087755872 1
0.792759372656 15.5225416365 0
2.00437516157 6.4191138827 0
10.0774302249 10.7145201453 1
7.55946499576 10.6113989269 1
6.91108817779 13.5445249272 1
1.10465403117 2.70065112438 0
12.7649476882 7.20611794468 1
14.9229856781 12.4450349801 1
16.8550395931 1.16318729394 0
7.56555304672 10.878207562 1
8.35664688491 5.11663577235 1
4.21997535852 8.48179282017 1
13.4428945099 6.84636762445 1
7.80373599163 18.296383704 0
19.7980210931 18.5342262012 0
19.907499353 13.128824697 0
4.16564636738 5.01663540543 0
18.9453502307 9.9995968682 0
3.73883706792 13.5037718234 0
6.75515063033 16.1476579531 0
10.86487389 2.08417674793 0
13.606300314 9.59095348501 1
13.9455608665 15.6551018366 0
0.470340500213 14.8412896 0
5.12595775899 19.8723201356 0
16.6233134947 7.26873507323 0
14.1105932587 13.6181768944 1
12.1350178071 7.77359816824 1
18.8547503957 16.1419921496 0
8.79723506301 11.4793148641 1
9.38104114688 12.6663046636 1
9.11698392939 8.7543644093 1
18.5558387889 0.284181090892 0
9.88525785386 15.8146313901 1
13.7821007944 12.7789056023 1
0.824590832822 14.4553102056 0
3.74567000878 13.9929788877 0
17.8759364849 1.2323777641 0
9.21990046715 10.6504114221 1
19.8085392818 5.34674137987 0
10.6105121475 0.714584399837 0
9.45705536623 0.323219730338 0
17.038179735 13.3895292449 0
15.0615064968 9.33402587715 1
1.79186137733 7.60414353569 0
14.0859736497 14.7984507669 0
13.5315609583 8.41537029759 1
7.42012493349 12.8367633065 1
5.76437718336 5.37227809393 0
5.13445060253 18.7717612955 0
6.67043712771 16.4597391719 0
9.51693223515 1.31234680417 0
8.66928128103 5.883091468 1
13.9706208672 15.1283242945 0
2.7031285309 19.9354868925 0
19.9251172551 14.7286576527 0
0.447248880965 11.3157915096 0
1.11976024334 15.9321953657 0
5.79843889272 13.1579661996 1
0.328740456608 0.218858970098 0
4.32572121852 16.5619769608 0
17.5585200804 18.4734543383 0
3.78354188959 0.665547262125 0
5.69689270875 13.6227025795 1
15.3036219548 14.0484240695 0
13.0856284691 19.0520284361 0
5.73913760107 17.400764391 0
9.59946729638 7.35439886859 1
17.7592390369 2.25684511563 0
11.8903137544 7.34128865358 1
11.2062855456 15.6078969778 1
6.90434113166 2.93789113298 0
10.6588948432 9.30142294104 1
14.4302541962 14.517305368 0
6.60726609411 8.07220254422 1
2.0282658156 11.2126891192 0
6.67814977475 5.36927628603 1
4.77017266756 13.0993288795 0
7.08543578362 5.60437329439 1
10.7030923382 16.1987152522 0
7.27341585009 17.9673087652 0
18.3993102874 17.7708524093 0
16.669317028 19.6564556693 0
18.8223306283 10.4111160391 0
13.768837014 7.55542786275 1
15.8587466539 15.1203894679 0
1.25401960754 19.2026964004 0
10.7497750598 4.112859273 1
2.2781213304 8.51137468603 0
6.95796512485 9.84543600444 1
6.53113117171 13.7128945802 1
9.08592913292 0.849999782674 0
0.00135539741286 1.24078849336 0
5.6327193578 17.8890931952 0
5.15097756172 18.4422306166 0
13.7404770152 5.08818415368 0
7.08683585447 9.76718501429 1
2.93333995274 11.978130619 0
4.47352329062 17.8561222414 0
13.0672910722 9.77146369448 1
9.1891327042 14.313819659 1
13.6322346086 4.16889410931 0
19.1856893774 5.59393376881 0
16.3057237964 6.26898012848 0
10.888089561 18.1864146349 0
8.1338602283 1.33452451888 0
10.9216288419 11.0866960939 1
9.80166270885 9.14726852292 1
11.6799600691 10.4368156591 1
4.94977071745 8.54678108308 1
11.6973177477 13.1472005441 1
11.4949891134 6.86821890065 1
7.80837107359 10.7313786264 1
8.41950609916 13.97141266 1
18.4370314109 19.6129463829 0
2.34055471192 4.10327660124 0
7.52336195155 12.9572651036 1
11.123387573 14.8002381703 1
6.98876358086 15.840185433 0
16.2889821557 9.21076660238 0
13.5966981544 9.14410357476 1
13.8051214987 9.23514860415 1
19.3659044851 15.9918671642 0
7.99963561837 10.4334735105 1
2.09103661728 7.62615830574 0
9.8675413697 18.6118327445 0
15.3938609789 0.2123245547 0
0.218185293585 6.15607529423 0
2.23140863501 17.3854848534 0
18.5148034918 13.7591043807 0
16.8198102521 11.1505704559 0
6.75817707721 15.4949081953 0
6.30541221557 15.4114696893 0
3.32348785557 15.6038993497 0
6.15874970563 0.851746389802 0
10.8393563087 17.1745864638 0
4.41567021246 19.0960352146 0
3.32591836824 18.6352042791 0
13.0404383669 13.3517864693 1
0.318502460687 0.373887063911 0
11.0863286149 19.4053975432 0
18.4050278097 16.2902230335 0
16.3162550031 8.29413586668 0
13.5303222613 19.3433011946 0
3.66174081661 13.9465922949 0
10.1912987494 10.3542973517 1
18.9499326689 17.4636659503 0
7.49058748055 5.46080801761 1
3.78417714628 10.155791156 0
14.3631180752 19.2077498528 0
6.99677406832 3.97263964854 0
1.29166580209 18.6785742556 0
10.0113937893 0.991208501052 0
9.60264042381 13.8232194741 1
14.0299787831 11.0266277095 1
0.647672058958 18.6128132613 0
15.1444272322 3.46669061693 0
19.5692671321 9.68718109487 0
12.5717491659 5.78810872407 1
11.9992473958 6.37937968343 1
5.34941775331 11.7456259673 1
10.8987635027 0.480551091079 0
19.7741427458 12.5679093 0
16.0715392949 12.6291448415 0
11.2698762364 1.88701333532 0
13.3965669717 14.0074220897 1
17.3423038806 6.74495697133 0
2.43695512833 7.38476440372 0
12.8356480434 8.95720288968 1
12.9184816052 0.158422265009 0
10.9291490918 19.4024007023 0
12.3627984765 18.571293979 0
18.2717152263 6.15156159534 0
14.5324923826 18.2923417792 0
11.4703073726 14.6574492211 1
19.2960122298 5.74754165875 0
5.25031237972 10.1676999037 1
16.1121146208 17.7949104336 0
7.53981980201 15.8306564315 0
0.68982437455 4.22424027803 0
10.9966096883 0.329325549622 0
3.91825728671 13.21239088 0
10.0839828409 7.43446870137 1
7.94911491976 14.5772112524 1
9.92382859356 7.25303344662 1
9.85479069265 11.4366096693 1
3.03987438399 4.28270995834 0
13.8065882785 6.92718851134 1
11.2295505172 3.45156072903 0
18.3577899967 19.3290998933 0
14.7389251719 2.27759893611 0
2.36656919116 15.0939042009 0
18.8363267797 2.32173820422 0
5.78907811834 3.43315987592 0
9.71461121604 6.15520408408 1
17.1242971066 6.00145004037 0
16.2923969072 1.6981972747 0
18.2324557552 0.365322389892 0
18.1316935929 8.43018148054 0
17.036557492 9.22331164728 0
5.3093234524 8.5297395579 1
5.35794502552 13.4819820523 1
8.94619118302 0.00879875266248 0
19.1051066292 17.0292431593 0
15.6825440601 1.46012737568 0
8.39470213539 8.01600718322 1
0.774872127128 16.3182310655 0
19.2167239547 1.348739675 0
9.67299076453 6.36417028176 1
3.40298955195 18.1330587602 0
16.9579351779 14.3736350159 0
8.6862537122 12.4474393678 1
6.17713849544 1.37366821028 0
13.0068702948 16.3970062885 0
3.65317202553 16.0338244436 0
9.83043451217 12.9714571036 1
9.89611495965 3.34742142456 0
13.5549548823 19.5330246535 0
11.9536395516 12.9631787834 1
9.89384983722 6.0401688292 1
16.234931635 2.77502001762 0
13.7590714435 3.13422954144 0
18.9301286888 13.8616747771 0
8.86888136154 4.46494200892 1
5.10193404558 15.3691541296 0
4.32989516583 4.56793161052 0
11.3058860965 6.06940003537 1
12.8323875466 11.2187016157 1
15.6636573106 19.4707007433 0
4.63006550861 11.340692071 1
10.5008815408 6.57797345647 1
8.48247920309 5.5363502328 1
4.41753750352 16.5334340477 0
5.96843530037 9.45616591937 1
16.0327675182 15.4243825458 0
10.0700016988 10.0223255703 1
10.943270361 3.70883852555 0
10.5619283907 17.7550814306 0
13.732796 4.22557889522 0
1.30685452624 15.2020416092 0
12.1112077759 7.88266020702 1
3.77572967139 17.7162372736 0
0.838360402306 1.89940514708 0
19.2746107313 14.1906244884 0
2.51911316734 9.85517483137 0
17.6781741652 19.4505466401 0
0.608836935544 3.34554413471 0
5.73585240197 10.2478518856 1
15.9714656921 17.9544502967 0
13.9621791112 15.8425563026 0
13.4101970488 5.59234752174 1
10.1749053563 10.4680702007 1
2.7057303542 10.9783229322 0
6.65569411078 13.362174121 1
16.2810814235 1.81962534665 0
9.96017821648 7.63410259909 1
18.7668234624 12.4129456074 0
4.16283335945 1.03507418031 0
10.4277483406 17.6385519623 0
11.4442829294 18.3731736238 0
9.66758579891 18.94331816 0
0.490331422541 10.3398306677 0
7.5674224167 16.683675072 0
19.4029631543 10.2401312719 0
16.2782011425 13.1065807832 0
13.0600773657 10.4689165178 1
0.362014071594 2.1646563842 0
12.0740078117 0.884079337379 0
19.9755442011 6.10098026806 0
17.1803182455 15.945782636 0
17.8712426958 12.4312276893 0
13.5952775602 15.817446789 0
7.83452889722 0.831706253141 0
8.16318241039 11.1220759447 1
3.01026913971 6.76893369207 0
10.9980088591 9.7747244668 1
2.08245959269 14.1425401765 0
0.93898692828 0.531515460489 0
1.33822144592 17.3628066081 0
17.638872646 12.2281473056 0
18.6642344236 9.76539059797 0
12.3519697798 17.5577675334 0
12.6816778347 9.54192825817 1
18.1348163601 0.996214902955 0
18.8077569779 1.28598771095 0
10.3967381879 11.5980642396 1
13.5365929926 0.0979797428178 0
10.6405825106 0.558570711972 0
1.79441158007 8.2342783455 0
7.75466956284 17.5053056881 0
15.613385861 3.17761731573 0
13.011811124 2.47551252705 0
8.21801085827 15.7681830163 0
12.5836670374 2.32507175934 0
16.994207725 14.8330083302 0
18.7604820121 14.7760013643 0
14.8349993615 19.4113012491 0
0.823412447443 1.81742762279 0
18.1413941264 8.17737811523 0
8.10888562773 15.779774034 0
3.75408300184 3.92784042698 0
10.0722226796 17.3626199396 0
4.32481771191 12.7991939756 0
16.7107260339 1.88753640124 0
9.53703259265 14.7543756121 1
1.21928214885 12.6021505912 0
11.4216091314 16.6080670237 0
18.6155504253 2.12008824751 0
14.6672113993 16.1283056548 0
18.2195590366 16.6464479102 0
14.8819919719 3.17438934332 0
9.53892909992 5.0334891053 1
3.23610684709 9.89142888722 0
17.0688109068 15.221260853 0
16.985394631 17.7248853013 0
5.22755795219 12.0102715468 1
3.60128303232 16.0894605499 0
1.39612139681 0.122192219127 0
16.3471060951 8.71344422651 0
2.77884335824 4.90539266767 0
0.239977489068 7.37223765829 0
18.3172146855 2.22160112854 0
5.44459962586 2.71527586032 0
19.0515776028 7.16311147111 0
2.86109123976 19.5090394183 0
3.77542862795 8.71380590436 0
11.2192530056 11.9794035464 1
18.2943924898 9.38278855256 0
5.58654330405 19.6604870405 0
16.5120599448 11.251214603 0
11.9434150999 7.90872634214 1
5.61188166456 17.2385175007 0
4.91722274625 1.2832351598 0
2.90896098474 4.11332254043 0
0.166803337927 18.9636746742 0
17.7984523205 16.6824716009 0
10.7268753632 11.0339119642 1
6.87315041421 7.81111796733 1
8.28653507902 2.17518995301 0
15.5537142432 3.94861346584 0
16.3382258546 5.20199373694 0
9.0629813045 10.26184564 1
11.5621755455 11.1591542252 1
10.4744455916 13.6649074905 1
8.15726167147 6.20381892414 1
13.7881215968 14.7721477243 0
10.4945132137 7.08336293753 1
9.83135624337 14.2282287377 1
16.7841678765 14.5432572804 0
18.1898272627 16.0588348927 0
3.35818925544 2.70725045841 0
16.7030714012 19.1884950809 0
1.79370730642 1.65389662044 0
16.4324232487 16.9533511576 0
18.8340531596 2.7408337928 0
10.5942398956 7.55060476873 1
0.757489466731 8.04034811714 0
13.497985028 19.7930369396 0
19.6463252356 6.37020472479 0
4.97432145224 19.4020144756 0
3.16910650014 19.1363976889 0
2.44310681753 14.166758667 0
1.17258059057 1.88999213104 0
9.37343140873 18.0193017262 0
10.6658186701 0.728435849632 0
12.1407665412 11.4253977375 1
7.17453074279 12.8163053108 1
15.9436995249 7.37857323105 0
5.09824328529 3.0278050524 0
3.5276327563 15.5073377839 0
10.5983429658 9.33101023664 1
14.7235470274 6.03275549965 0
16.4493766742 6.73308807858 0
3.47569496436 9.46664312609 0
1.48970503824 12.049146773 0
0.599554734841 14.4348798565 0
0.418856635249 9.86616027766 0
17.8538447562 6.71647823417 0
19.851477739 18.5689946907 0
10.8195914921 11.2018775612 1
9.81946043521 0.0251508417187 0
11.0058512101 9.51417370404 1
7.2540419448 6.65817275164 1
1.3730266054 7.94353464629 0
4.61103583954 0.44065118761 0
0.0762104997784 16.2400598706 0
8.64997355921 2.75851092776 0
12.1071583434 11.9726118656 1
1.33918612893 1.39711375788 0
3.77866899369 19.4168467713 0
15.4131438738 19.2541097929 0
13.0611267534 4.09275185732 0
5.5140006199 13.5392498746 1
13.0079856261 13.5849618633 1
17.7322560001 13.3820987738 0
8.43892567006 14.6179665706 1
2.16655321342 6.58895246243 0
9.03984019424 8.96232271763 1
0.81754018837 4.35128961023 0
2.02084713281 17.2872494599 0
15.6151342023 15.849128427 0
11.2952534532 7.48310186782 1
4.05320247318 1.28544695692 0
12.7325099133 13.7566851859 1
5.74564388872 4.53068313554 0
16.0806325282 14.9675992468 0
8.20449717847 13.0395712156 1
14.4172970641 4.40716784123 0
15.319832275 13.4292279295 0
17.5051507149 5.35302774108 0
7.97513227295 5.5668080203 1
17.0025486615 19.0597127848 0
13.7627928898 14.1664464452 1
3.55764904948 9.30650330688 0
8.63150538895 17.6314022786 0
0.875290469064 3.75711698774 0
19.9184416893 6.41343012657 0
5.7860257688 4.72428863506 0
5.91658489422 8.11319872956 1
18.206186375 13.7326667112 0
11.307774035 9.64738363857 1
10.0616928937 7.34368229718 1
10.6866630331 18.976259798 0
11.5286728772 3.69267060755 0
17.3065542978 18.2745500989 0
6.18235459708 18.5252191699 0
17.6459458829 17.099588629 0
7.77665527541 16.5149209388 0
10.2021646958 6.04084614433 1
5.8888756681 12.8615339729 1
9.6932522755 1.53090092098 0
18.6390630155 14.5178587005 0
10.5107336518 10.2064488637 1
3.5912439554 5.10211911997 0
4.07693082348 0.928853046671 0
15.4285431185 13.8050230797 0
13.0648079289 8.43444645199 1
16.0665050235 2.79987320888 0
7.39201165628 14.5822152833 1
2.0242060811 11.0336642663 0
1.31250199587 16.0741528652 0
14.2350980101 6.43668889518 1
10.7636037437 11.0767354922 1
15.9918524429 2.41621868581 0
1.37536095299 9.25880895943 0
5.52357958239 3.05912654948 0
19.1232535061 4.30627355361 0
16.1969089333 3.82791025004 0
10.7182486505 10.4111370491 1
0.654610582128 18.067759892 0
10.7640488371 17.0609154332 0
17.8390079506 16.3891649291 0
3.19758412035 6.73187158336 0
7.39988848619 10.7028431389 1
7.81669148067 17.544074742 0
17.6194003652 4.73540410465 0
4.47591526054 14.5331812588 0
12.0320999787 11.2272721711 1
6.037377206 14.7485161165 0
18.5016450777 11.6329569085 0
4.20733011444 12.0440934778 0
1.39925711406 10.0264994475 0
1.54457775762 8.75302659544 0
10.4431773829 1.86563165794 0
13.939917782 3.09238245964 0
9.4697851775 0.906179479165 0
12.8147404484 11.2561811557 1
9.25278885769 12.4611412808 1
11.2809372379 14.8496370992 1
5.55540971067 12.4715433546 1
5.29588274627 0.582380243598 0
14.0820724495 6.01298745357 1
13.9789750856 1.4039669873 0
14.5676253311 14.5335680775 0
14.0339712267 8.87642546485 1
19.5404511761 4.29675356487 0
9.47135059693 4.45251026294 1
8.83511300324 10.5549849989 1
2.13456476235 15.3024431242 0
4.75679711763 16.8861497169 0
6.15545953249 9.51558461424 1
8.14120936865 6.24696727985 1
3.54803495923 7.13023302981 0
6.84631465879 10.9412390582 1
18.5323193872 17.5248846995 0
9.64940904994 7.5685264902 1
18.7978126475 11.7763821003 0
5.22062779069 15.5517635016 0
8.83803575367 2.35988517641 0
13.0505079622 4.5213562467 0
19.1755618138 1.6824434894 0
11.1410588141 3.9189384329 0
12.4748896739 11.1937575864 1
16.6133353302 19.3814132248 0
6.59886038126 8.6852795175 1
19.0160479777 4.03848619385 0
11.8617409394 13.7507851409 1
14.4894398834 5.21840920336 0
7.73172830052 9.69631224563 1
7.34935251808 3.31004992411 0
6.24042109147 7.73365901371 1
19.6224169909 12.2977072286 0
14.8045318232 18.930944796 0
10.9984375207 10.8536388626 1
1.43410808369 2.00881486967 0
6.00053368466 2.40032280805 0
3.84745060393 13.2785623039 0
3.75905489192 12.7702086961 0
3.17451403411 10.3344870837 0
8.19285694057 7.89852557966 1
15.9933757847 6.65990729468 0
1.60164847282 5.77980117646 0
4.79472293655 14.6258997116 0
0.413146318284 2.31984919377 0
0.788112755717 10.7096555195 0
17.8881348597 11.7906338164 0
9.6973546805 9.78223454455 1
16.8492400913 5.80301236689 0
13.0083278266 12.484688136 1
8.37555221668 16.8363281302 0
6.11014886141 8.24066575006 1
12.8136469142 6.04540626878 1
17.6861021051 17.3985058327 0
15.6730149088 14.5712447769 0
13.737850606 5.87673789313 1
4.36288419087 4.44723162251 0
18.1756489059 2.72527037839 0
9.66672919598 14.9436819214 1
12.178556547 13.8153482325 1
12.9101590001 18.6183418578 0
6.60459269038 8.6678860242 1
5.54965233755 11.10942942 1
16.3774555434 9.11278330672 0
0.304579862068 4.92827004722 0
16.5607645367 19.1289125339 0
14.1796180662 18.4183562514 0
17.2804618889 2.6381154068 0
18.6806804979 15.1636028488 0
12.8859813576 13.1810697006 1
5.86680700431 13.1352464992 1
9.20432260708 4.74096204351 1
11.0901811808 6.58792994704 1
17.3726467657 12.2832001135 0
6.01338072458 13.5885251149 1
11.5204434716 2.15721257802 0
2.58630527465 14.8425472753 0
6.9909541344 0.6411862702 0
4.36953221766 9.41937885018 1
14.460169926 2.01431026097 0
15.3224682627 15.2271139842 0
2.79265594233 1.35271140127 0
2.62551374158 15.0392368654 0
6.85967007192 15.5899957285 0
10.2492445011 13.6219454445 1
5.35377885793 16.1192473726 0
15.1747856615 12.6973989847 1
1.49826834992 6.26656386531 0
19.9679202666 14.8970570747 0
12.6811590279 17.906811559 0
17.5697627689 17.1460334801 0
19.0183782645 11.6491059513 0
9.25397644721 16.9379855013 0
9.17327914427 8.91410973788 1
0.323323786587 13.9095125148 0
5.41692160972 15.8402366719 0
16.0092420044 15.9713138325 0
4.02748598024 11.4636930506 0
19.0412281123 4.22728359228 0
0.290055093653 5.27902200595 0
8.9872856587 15.5254961421 1
4.37993829203 1.02862264496 0
13.2041425292 18.8985444617 0
11.5466046634 4.09528798913 0
10.9444391331 19.460018065 0
12.5364735666 2.51640005811 0
16.8620271788 2.50323929399 0
10.3386479402 5.17434535716 1
4.7022167539 15.5572053522 0
16.5687248623 17.9113619842 0
10.5020945524 0.898625258375 0
7.77880770402 18.908753693 0
0.474796701883 15.752151025 0
0.856356758719 7.38248678488 0
19.8845408059 16.8240069558 0
17.5754166833 15.3114891985 0
13.7370534113 7.91777494957 1
19.4141848044 14.5110050496 0
4.28727519679 12.9442357181 0
7.6502534054 5.63300996051 1
13.4501651666 17.8441925348 0
11.4857609999 5.60926516847 1
8.674768077 9.71732257363 1
18.0208040055 4.64316036893 0
10.1196449582 19.6834006325 0
0.166719875605 17.5939719469 0
0.159092399248 5.55815498491 0
1.4894073583 10.0787307837 0
8.13563952103 19.8640617793 0
5.53335904388 1.99612768953 0
0.692167794718 17.149541256 0
1.62261255675 6.23850144356 0
6.22031784425 15.304612135 0
19.2270391348 10.5032754857 0
15.2376563941 11.8265074325 1
16.2168529463 15.7245915467 0
1.20617160701 0.133480436687 0
4.15289409963 7.94766013494 0
17.3178340395 17.7159275178 0
3.24089499605 11.8101764616 0
6.27588031262 10.3720553763 1
14.00921753 12.4250544884 1
0.944660944259 7.93007721109 0
8.42270698962 4.98961816771 1
17.2527570967 4.59805751757 0
7.99251746822 8.07361662522 1
7.95617994626 18.7207110549 0
2.67940335683 6.95665167827 0
0.414884048279 12.9736868763 0
11.2086799583 12.5223325382 1
7.66913072458 7.33191875249 1
4.45100783031 2.08613053145 0
9.30232244988 6.51525992138 1
17.2018821876 12.8467531597 0
2.86944747293 5.426238402 0
14.8324180817 2.56090818767 0
0.430082223464 6.27394533258 0
13.1349202976 12.0694953968 1
8.3186009007 14.682274288 1
14.811583421 18.9131839649 0
5.44059051405 9.11072444818 1
4.46605709182 11.9562373118 1
18.4554296564 18.3161566803 0
3.8142104798 9.01916210894 0
14.8437221614 15.578041957 0
19.0906981479 16.7948975892 0
8.32193484541 2.26760368713 0
1.86043325592 7.46464461278 0
8.53107988863 15.332405372 1
2.21632225429 8.91876343181 0
15.6509236928 12.1689671928 0
17.2203412797 9.99583871452 0
8.03510664435 15.6951864541 0
8.92906640802 3.31931821925 0
15.8154446723 9.83683245739 1
13.355710419 16.863076216 0
15.5234636557 2.36302116658 0
2.76155386413 7.42248138035 0
7.07023471008 4.38662251746 0
6.61701081354 1.02908639396 0
9.01648353047 4.41831384198 1
18.0088127428 11.60532274 0
11.4070063515 4.60256587983 1
17.0486010229 19.1163675653 0
0.833495811547 5.90134285874 0
1.03729240882 9.85032234054 0
5.90509884265 18.2638048883 0
2.71632098343 11.4615290588 0
11.7691782227 15.2039278905 1
7.78355449834 2.43974812289 0
17.1002276217 11.6632302147 0
8.67288268271 13.0350484225 1
13.5998392866 18.8179018169 0
19.3187994651 11.5631358517 0
13.2744879258 0.222094456081 0
1.16656793714 12.8497643466 0
12.5196505375 0.0766081219326 0
