Generacion: 0
[65, 37, -88, -2]
[-26, 28, -36, -16]
[67, 40, -71, -1]
[30, 42, -87, -25]
[-100, 23, -64, -24]
[-60, -90, -87, -72]
[46, 11, -74, -6]
[3, 29, -36, -5]
[-75, 55, -89, -43]
[-60, 33, -6, -44]
[9, -36, -82, -31]
[-88, -71, -21, -52]
[-3, -76, -82, -48]
[-82, 48, -25, -43]
[-80, 4, -99, -63]
[-24, 6, -70, -35]
[-80, -77, -22, -25]
[-73, 21, -93, -76]
[-45, 48, -60, -10]
[-43, -13, -24, -36]
[15, -17, -82, -43]
[-20, -17, -29, -18]
[-18, -6, -12, -15]
[-98, 70, -43, -1]
[-82, -21, -56, -81]
[-2, -77, -58, -26]
[23, -6, -56, -10]
[-92, 65, -87, -82]
[-78, -12, -91, -51]
[0, 63, -98, -71]
[-64, 6, -47, -82]
[55, -53, -71, -24]
[-49, -6, -77, -89]
[-12, -89, -89, -77]
[-52, -26, 9, -41]
[-20, -79, -79, -37]
[25, -89, -43, -15]
[14, 82, -38, -23]
[-34, 27, -70, -88]
[-9, 72, -36, -41]
[-96, 50, 52, -16]
[-94, 44, 66, -41]
[-31, 7, -8, -26]
[-51, -60, -19, -42]
[-94, -32, -78, -10]
[-19, -60, -48, -28]
[-93, -75, 15, -48]
[-40, 20, -75, -40]
[-27, 54, -58, -56]
[83, 38, -94, -10]
[-73, -85, 4, -68]
[-10, -27, -85, -77]
[51, 67, -91, -60]
[-66, 26, -28, -66]
[-59, -1, -79, -38]
[-19, 7, -53, -67]
[18, -71, -94, -69]
[-90, -76, 50, -29]
[-89, 33, 46, -32]
[-48, 58, 37, -9]
[-62, -67, -61, -20]
[-17, -6, -14, -49]
[29, -25, -68, -63]
[62, 6, -86, -56]
[-60, -82, 2, -45]
[-50, -43, -82, -27]
[-18, 57, -91, -74]
[-25, 29, -91, -1]
[-92, -65, -16, -88]
[42, -40, -99, -96]
[25, 41, -60, -61]
[60, 7, -91, -80]
[-90, 83, 64, -25]
[-22, 89, 15, -47]
[10, -45, -93, -10]
[70, 3, -87, -17]
[-78, -9, -3, -71]
[-42, 59, -63, -82]
[-29, 44, -22, -99]
[-36, -70, -20, -44]
[-35, -70, 13, -4]
[-24, -97, -63, -99]
[73, -47, -86, -25]
[-76, 8, 35, -44]
[-62, 25, 11, -68]
[47, -56, -49, -30]
[-100, 75, 47, -29]
[8, -74, -85, -83]
[-82, -74, 13, -14]
[-6, -55, -52, -82]
[-33, 9, -24, -86]
[34, -37, -44, -45]
[16, -86, -94, -92]
[23, 32, -26, -39]
[-72, -35, -28, -8]
[43, -14, -89, -4]
[-33, 52, 3, -60]
[-68, -79, 52, -72]
[-35, 15, -4, -98]
[-43, -78, 11, -72]
[-85, -28, 76, -38]
[-41, -6, 36, -79]
[57, 95, -71, -41]
[0, 73, -4, -93]
[-63, -11, -38, -94]
[-79, 19, 71, -26]
[48, -10, -51, -19]
[-31, 73, -98, -18]
[-76, -34, -20, -18]
[70, 24, -44, -44]
[43, 58, -34, -67]
[-83, -70, 17, -92]
[-58, -2, 55, -95]
[65, -5, -97, -65]
[-26, -71, 4, -69]
[-69, -97, 15, -57]
[19, 11, -80, -84]
[83, 99, -58, -71]
[1, 0, 8, -56]
[8, 98, -64, -90]
[-57, -71, 47, -32]
[38, -1, -9, -96]
[45, 46, -82, -82]
[-29, 37, 86, -96]
[-74, 78, -4, -97]
[-33, -16, -10, -77]
[81, -60, -96, -59]
[99, 100, -73, -78]
[25, 5, -36, -90]
[-68, -70, 92, -69]
[-12, 66, 30, -37]
[-13, -10, 39, -74]
[23, -18, 22, -76]
[40, -70, 3, -92]
[21, -47, -17, -12]
[-63, 100, 70, -58]
[52, 93, -33, -78]
[97, 70, -3, -78]
[27, -42, -6, -25]
[47, -91, -9, -100]
[-44, -16, 47, -95]
[25, 53, -19, -67]
[95, -72, -74, -87]
[38, 89, -9, -83]
[-3, -50, -7, -92]
[90, 12, -39, -61]
[45, 99, -42, -95]
[-30, 84, 44, -60]
[-69, 21, 86, -55]
[70, -19, 63, -44]
[84, -68, -2, -84]
[17, 87, -5, -15]
[-20, 99, 98, -99]
[-3, -27, 14, -22]
[43, -27, 77, -72]
[7, 68, 40, -84]
[88, 43, -17, -89]
[10, 89, -2, -82]
[-39, -32, 44, -33]
[79, -23, 46, -58]
[-44, 31, 66, -18]
[96, 34, -8, -95]
[-37, -69, 37, -55]
[77, 55, -30, -71]
[22, -98, 91, 21]
[50, 9, -14, -87]
[59, -79, -40, -25]
[-19, -47, 56, -62]
[97, -47, -80, -32]
[-47, -23, 47, 22]
[74, 29, -19, -26]
[25, -38, -16, 77]
[-49, -64, -90, -6]
[6, -80, 68, -7]
[-11, 46, 71, 81]
[46, -94, -52, 80]
[-34, 3, -80, 80]
[-43, 6, 44, 24]
[81, 91, 71, 30]
[-86, 12, -68, 64]
[-11, 45, 59, -33]
[63, 59, -50, 70]
[44, -46, -61, -3]
[60, 57, 73, -45]
[-11, -41, 66, 33]
[80, 35, -2, -1]
[43, 11, 19, 100]
[65, 9, -47, 31]
[-29, 76, 38, 94]
[73, -5, 39, 60]
[-52, -36, -14, 85]
[60, 55, -49, -13]
[33, -19, 45, -9]
[54, 26, -75, 43]
[66, 35, 23, 86]
[22, -25, -37, 100]
[58, 75, -4, 100]
[-76, -33, -29, 1]
[-18, -78, 42, -94]
[-75, -41, -51, 28]
[-18, 34, 64, 63]
[62, -95, -24, 79]
[15, -99, 77, -79]
[77, -95, 71, -1]
[-80, -59, -52, 58]
[20, -36, 26, -29]
[69, -62, -10, -21]
[84, -19, 63, -78]
[-26, 94, 95, 20]
[-67, -37, 84, -48]
[84, -20, 88, 77]
[-92, 100, -51, 72]
[-9, 2, 99, 84]
[-53, -46, -99, 40]
[81, 68, -84, 46]
[-70, -96, 77, 11]
[-17, 4, -50, 17]
[14, 39, -39, 50]
[66, 58, -61, 41]
[-78, -97, -29, 79]
[-59, 32, 20, 16]
[14, -2, -76, 69]
[56, -35, -62, 74]
[-38, -81, 49, -89]
[49, -32, -71, 69]
[78, -70, -43, -8]
[88, 58, 99, -89]
[71, 52, 20, -19]
[-80, 98, -79, 45]
[-98, -65, 16, 37]
[76, -55, 5, 43]
[79, 88, -85, 12]
[-29, 83, 44, 64]
[48, 94, -7, 44]
[39, 5, 14, 48]
[86, -3, -6, 41]
[24, -67, -16, 88]
[-58, -81, -44, 42]
[67, -16, 69, 36]
[45, -47, 47, -77]
[51, -17, 22, 72]
[99, 59, 78, 33]
[100, -87, 86, -81]
[27, -7, 100, -52]
[-27, -50, 85, 45]
[91, -54, 15, 64]
[73, 53, -42, 20]
[-37, -66, -84, 84]
[-78, 16, 90, 54]
[36, 28, 23, -88]
[79, 76, -36, -63]
[4, 73, 46, -33]
[-5, 0, -40, 18]
[-44, 9, -76, 64]
[40, 14, -7, 6]
[28, -62, 54, 9]
[-92, 30, -14, 83]
[31, 24, 17, 73]
[97, -12, 100, -63]
[-41, -31, 71, 39]
[-8, 27, 34, -24]
[47, -29, 19, 82]
[-2, -21, 88, -9]
[22, -11, -35, 43]
[-59, 40, 12, 22]
[38, 52, 35, 19]
[-21, -42, -29, 1]
[85, 75, 25, -64]
[15, 12, -54, 91]
[-29, 99, 39, 38]
[-53, -90, 13, 70]
[-87, 7, -20, 28]
[22, 43, -86, 80]
[20, -32, -26, 62]
[78, 30, 75, 100]
[-40, 84, 75, 87]
[62, 46, 60, 2]
[85, 31, 44, -12]
[-28, -7, -86, 92]
[-13, -36, -89, 62]
[-55, -84, 100, -13]
[1, 20, -94, 20]
[-25, 81, 100, 95]
[26, -91, -1, 78]
[-68, 2, 37, 21]
[47, 43, -66, 78]
[-68, 27, -24, 20]
[89, 85, 43, -35]
[60, -48, -3, 2]
[93, 9, -55, -18]
[85, -6, 18, -29]
[12, 72, 50, -43]
[-42, 99, -12, 57]
[40, -68, 52, 92]
[50, -63, 96, 10]
[13, 93, -96, 86]
[43, 27, 84, -42]
[-80, -91, -73, 63]
[-93, -5, -36, 57]
[-3, 16, -2, 7]
[45, 30, -4, -5]
[-50, -98, 96, 66]
[-31, -53, -77, 94]
[-19, -59, -41, 94]
[55, -63, -38, 81]
[-87, -33, 41, 3]
[94, 97, -5, -12]
[1, 70, -92, 50]
[74, -2, -84, 64]
[13, 56, 29, -69]
[-22, -35, -13, 50]
[69, -100, 31, 22]
[21, -100, 75, 53]
[-48, -63, -100, 48]
[14, 26, -35, 1]
[11, 16, 13, 93]
[11, -30, 62, 70]
[6, -99, -43, 21]
[10, 84, -83, 73]
[-97, 71, 98, 3]
[29, -2, 75, -84]
[20, -3, 29, -61]
[71, -41, -70, 27]
[61, -38, 63, -78]
[7, -35, -70, 14]
[-43, -14, 57, -6]
[-70, 60, -50, 65]
[-23, -19, -96, 97]
[90, -39, 59, 13]
[68, 11, 80, 26]
[-45, 20, -89, 98]
[69, -86, 5, -17]
[77, 99, 94, 7]
[59, -30, 4, 80]
[-29, 43, 20, 89]
[62, 9, 41, -44]
[14, -72, 36, 56]
[-64, -43, 88, -24]
[45, -12, 28, -78]
[19, 1, -21, 94]
[19, -100, 97, 32]
[-30, -93, -89, 0]
[-92, 69, 0, 3]
[-76, -67, 0, 96]
[-5, -80, 26, 92]
[-68, 17, 11, 77]
[-28, -72, -80, 82]
[-43, 35, 65, 14]
[-47, -24, -42, 6]
[75, -27, 36, 56]
[-9, 93, -17, 30]
[-65, 100, -92, 76]
[66, 20, -18, 7]
[-5, 29, 86, 32]
[-74, -40, 57, 93]
[-12, 43, -23, 93]
[48, -97, 57, 81]
[-1, -62, -65, 61]
[-100, -55, 38, 93]
[73, 10, 27, 30]
[38, -25, 16, 51]
[-72, -70, 51, 10]
[-72, -94, -67, -30]
[-96, 92, 38, 42]
[-87, -55, -28, 51]
[-14, -29, -93, 81]
[72, -14, 69, -10]
[-4, -47, -63, 41]
[-79, -37, 2, 16]
[25, 41, 15, 49]
[7, -76, -24, -2]
[94, 17, -29, 83]
[26, 76, 76, 20]
[-9, 89, 19, -51]
[-42, -63, 23, 39]
[-52, -91, 76, -2]
[-36, 60, 76, 66]
[56, -91, 62, -56]
[-12, 56, 42, -89]
[37, -44, -9, 69]
[-44, 87, 50, 54]
[43, -27, -57, 93]
[-83, 19, -61, 54]
[-2, 0, -35, 75]
[90, -16, 14, 100]
[96, 59, -66, 59]
[28, -19, 59, -19]
[-13, 77, -46, 41]
[-81, 36, -98, 39]
[82, -42, -32, -83]
[97, 40, -29, -84]
[-59, 91, -67, 53]
[49, 6, 39, 42]
[99, 4, 14, 74]
[89, -5, 5, -37]
[-26, 62, 61, 70]
[84, -34, 70, 17]
[-2, -98, 68, 90]
[60, -86, 94, 52]
[-92, 68, 54, 82]
[-45, 65, 76, 94]
[3, -90, 98, 28]
[-100, 47, 46, 25]
[-65, -19, -99, 4]
[4, 25, -66, 95]
[-14, -21, 98, 30]
[14, -30, -34, 58]
[-37, -80, -5, 32]
[34, -79, 43, 30]
[79, -53, 40, 39]
[-57, 3, -35, 23]
[-53, 16, 67, 70]
[-31, 42, -87, 84]
[44, 43, 69, -88]
[19, 38, -92, 45]
[-52, 32, -56, -4]
[-94, 52, 46, 3]
[-34, 63, -82, 69]
[39, 83, 26, 45]
[-12, -93, -48, 49]
[-11, 98, -58, 67]
[30, -90, -85, 60]
[6, 18, -87, 56]
[31, 98, 77, 15]
[75, 39, 45, -41]
[-54, -22, -12, 13]
[-5, 45, 62, -97]
[-88, -67, -72, 6]
[27, 41, 70, -73]
[6, 62, 96, 62]
[98, -18, -77, -3]
[99, 73, -20, 17]
[43, 34, 64, 65]
[76, 63, 76, -24]
[-15, -23, 17, 12]
[84, 37, -55, -14]
[-70, 59, 76, 96]
[68, 7, 92, 31]
[-7, 20, -78, 82]
[-1, -89, 17, 12]
[16, -80, 94, -53]
[46, -28, 86, 77]
[-50, -52, -36, 5]
[41, -18, -65, 88]
[72, -17, -77, 60]
[12, -9, 94, 10]
[-99, -35, 34, 22]
[38, 32, 28, 26]
[72, 74, -11, -33]
[30, 67, -69, 94]
[70, -47, -9, 88]
[26, 76, -9, 100]
[-30, -42, 86, 64]
[50, 90, -81, 66]
[-80, 72, -58, 20]
[75, -17, -62, 46]
[97, -17, 56, 92]
[-30, 55, -23, 5]
[20, 83, 85, 63]
[-23, 36, -52, 12]
[78, 85, 93, 97]
[30, -16, 76, -60]
[53, 1, 43, 18]
[-63, 68, -78, 9]
[22, 35, 67, 67]
[90, -51, 61, -60]
[31, -88, 65, 46]
[67, -7, -92, 77]
[-77, 2, 95, 25]
[-42, 59, 64, 66]
[-89, 38, -14, 16]
[79, -82, -20, 84]
[85, -70, 48, 75]
[77, -99, -32, 52]
[54, -72, 41, 10]
[72, 7, -22, 49]
[6, -63, 60, -40]
[-12, -33, 54, 55]
[23, -25, 6, -35]
[-41, -36, -63, 8]
[61, 95, 44, 9]
[-55, -88, -10, 23]
[46, -33, -36, 68]
[-100, -37, 68, 4]
[-8, 40, -11, 26]
[63, -96, 37, 36]
[-24, -4, -19, 82]
[57, 36, 61, -22]
[56, 19, 39, 12]
[-58, -87, 4, 91]
[35, 42, -42, 40]
[-90, -46, -20, 35]
[91, -93, 28, -68]
[76, -17, -16, -7]
[40, -31, 53, 32]
[39, 61, 49, -45]
[-94, 41, -25, 54]
[-55, 89, -9, 19]
[-2, -76, 13, -44]
[-58, -89, 58, 76]
Best:[65, 37, -88, -2]
