2 9 3 7 1 10 11 4 8 5 14 13 12 6 0 15
2 3 4 7 8 12 5 6 11 10 9 14 13 1 0 15
3 4 7 14 10 9 8 13 12 11 2 6 5 0 1 15
0 5 10 14 13 4 3 11 7 12 8 9 6 1 2 15
8 9 5 4 3 13 14 12 0 1 7 11 2 6 10 15
0 6 11 13 7 1 12 3 4 5 9 14 2 8 10 15
0 1 2 6 5 4 3 7 8 9 10 14 13 12 11 15
11 12 0 14 1 2 10 7 4 3 9 6 5 8 13 15
7 14 8 1 12 0 3 6 11 13 4 5 2 10 9 15
14 8 9 0 3 4 5 1 2 6 7 11 12 13 10 15
11 2 13 4 3 9 8 12 0 5 6 7 10 1 14 15
13 1 9 10 12 2 6 11 7 8 5 3 14 4 0 15
12 2 11 5 6 1 14 13 10 4 3 9 8 7 0 15
3 4 6 5 7 8 11 10 9 12 13 14 2 1 0 15
14 13 12 0 1 2 3 4 5 9 8 7 6 10 11 15
3 12 13 14 4 0 5 2 1 7 10 9 8 6 11 15
4 5 1 11 7 6 2 10 3 13 8 9 0 12 14 15
7 11 5 2 0 4 8 3 1 6 10 14 12 13 9 15
2 9 5 4 11 10 0 12 7 6 1 13 3 8 14 15
0 1 2 3 4 8 5 9 10 7 6 14 13 12 11 15
14 13 1 6 5 2 3 7 4 8 9 10 11 12 0 15
0 13 9 5 12 2 3 4 1 8 10 11 6 7 14 15
5 6 1 10 9 13 12 11 0 3 2 14 7 8 4 15
14 1 0 8 5 2 4 3 7 6 12 13 9 11 10 15
14 11 13 5 3 12 2 8 10 9 4 0 1 6 7 15
6 9 0 1 5 4 3 2 7 13 8 12 11 14 10 15
14 10 1 2 3 4 8 9 5 6 7 13 12 11 0 15
5 6 7 3 4 11 10 9 8 12 13 14 2 1 0 15
0 1 2 3 4 11 7 6 5 8 12 13 10 9 14 15
2 5 4 3 1 13 12 11 9 8 7 10 14 0 6 15
13 11 12 4 3 1 0 2 14 5 6 7 10 9 8 15
9 7 12 11 13 2 0 14 10 5 4 3 8 1 6 15
3 14 8 1 0 2 13 11 7 12 10 4 9 6 5 15
0 1 2 9 12 13 3 5 7 11 10 6 8 4 14 15
8 1 2 3 12 0 4 5 6 7 11 14 13 9 10 15
6 8 3 2 5 4 7 11 10 1 0 12 9 13 14 15
5 6 14 12 1 0 7 8 4 10 11 2 3 9 13 15
4 7 1 8 9 0 3 2 5 6 10 11 12 13 14 15
4 9 8 2 3 10 7 11 12 6 14 0 1 5 13 15
14 7 2 3 11 10 6 0 4 5 8 9 13 1 12 15
13 12 11 3 2 7 14 8 1 4 5 0 6 9 10 15
0 4 8 1 7 11 12 9 10 5 6 14 3 13 2 15
7 4 13 3 6 1 0 12 11 9 14 5 10 2 8 15
4 5 1 0 2 3 8 7 6 9 13 12 11 10 14 15
14 7 12 11 6 5 4 8 9 10 1 2 0 3 13 15
0 7 3 2 1 6 5 4 8 9 10 11 12 13 14 15
0 1 2 6 5 4 12 8 7 3 11 14 13 9 10 15
3 2 1 4 5 6 7 8 13 14 11 12 9 10 0 15
4 3 2 10 11 7 6 9 8 12 13 14 5 1 0 15
14 13 0 4 3 2 5 9 8 7 6 1 12 10 11 15
14 13 1 4 5 6 2 3 7 11 10 9 8 12 0 15
2 1 7 5 14 3 13 4 10 11 12 9 8 6 0 15
0 6 12 3 5 9 7 2 8 13 11 10 1 4 14 15
2 10 6 4 5 0 12 11 8 1 13 3 7 9 14 15
14 2 3 4 7 8 9 5 6 13 12 11 10 1 0 15
0 1 5 4 3 7 13 10 11 12 9 8 14 2 6 15
0 6 9 8 4 5 10 14 13 12 11 3 7 1 2 15
0 12 11 2 1 13 14 3 7 6 5 4 8 9 10 15
2 1 5 9 8 10 12 7 6 11 13 0 3 4 14 15
3 5 14 7 1 4 13 9 8 10 11 12 2 6 0 15
